8192
 36 36 -37 13 -30 0 25 -7 -39 -8
 27 -2 35 42 7 15 -24 38 14 18
 44 -18 -41 34 -22 -20 -35 -25 3 -39
 46 -18 -3 -19 38 14 45 -12 22 44
 28 31 36 -31 -41 -15 27 40 37 9
 -47 -19 40 42 -4 -26 -6 46 1 -20
 47 36 -15 31 25 -19 34 -43 21 -4
 -26 -48 27 14 -8 2 -37 27 34 31
 -44 14 5 -41 37 47 -26 44 6 -42
 22 34 -10 -46 -14 16 -34 -49 0 -41
 -1 -6 23 -31 -27 -15 -3 48 38 0
 -12 -16 25 36 16 6 -45 -26 -26 26
 17 0 -18 27 -1 -23 -13 24 16 -27
 9 29 -36 7 41 -47 41 40 48 -16
 31 -4 -2 -20 -11 -1 48 25 -39 -46
 -14 39 20 28 28 -21 32 -6 18 33
 40 -6 37 -42 -43 -37 -24 16 -9 -34
 33 -18 43 42 23 23 -2 -46 36 23
 37 6 10 1 18 13 24 -24 -44 2
 21 -49 23 33 -12 -19 -29 22 -24 41
 22 28 -11 -17 32 -31 47 18 -32 17
 -13 -19 -5 36 -49 -27 3 -44 31 33
 -22 7 4 -45 31 -38 40 25 -31 -34
 0 -41 21 26 -21 -1 -17 -41 -15 32
 30 29 -6 27 -48 -48 4 -25 39 -29
 -48 -34 -2 44 24 4 23 23 38 -40
 22 -12 -49 -25 -31 -30 41 42 -36 12
 -18 40 -14 0 -28 -4 39 9 42 10
 32 -30 46 -16 -17 35 3 -16 -4 11
 13 47 38 -44 -24 -17 14 0 -22 -3
 -49 -47 19 3 -27 -10 44 -21 13 10
 -49 34 8 16 -38 15 -19 25 1 5
 6 46 12 26 -12 -32 14 -29 8 9
 -44 4 29 -39 -48 -48 -29 35 -12 23
 -17 -44 2 27 19 40 -2 35 37 -15
 20 1 -17 14 25 -8 -22 0 -3 -9
 -10 -11 32 -10 24 -31 25 -40 33 5
 -1 -48 8 -16 -44 46 13 22 -1 6
 -19 30 21 -33 21 11 28 27 -27 -10
 46 13 -7 2 0 3 -44 9 24 29
 14 -14 -20 19 19 9 35 -16 43 48
 -49 -26 -36 -43 29 -48 -36 -1 -8 -34
 0 34 -48 -10 -13 -19 -1 44 31 -5
 -49 -39 -1 4 25 16 1 14 -29 -37
 -9 47 -36 -28 -37 -7 -17 -24 -29 -12
 -7 -42 -37 13 28 33 31 -31 15 -14
 -46 27 -17 -10 -12 -40 31 -2 25 -28
 40 -49 36 -24 19 33 -36 45 31 42
 -41 46 18 36 -32 4 -28 -16 -45 -2
 45 28 -11 -4 34 18 -20 -17 21 47
 20 31 -10 -3 -14 42 29 35 -29 -17
 -14 19 0 -30 -12 26 -40 -46 -22 30
 -47 5 41 6 11 -49 -27 22 28 -21
 -22 -37 -38 -29 23 49 -30 25 34 16
 -8 20 -21 -1 36 -2 12 41 -21 -46
 47 14 48 22 -45 -48 25 -38 24 6
 3 37 -12 0 -22 0 41 16 -49 -40
 -6 -17 -33 -36 34 7 -17 -17 -22 -22
 22 -7 44 33 26 -14 -45 -21 38 -49
 -14 10 -36 -28 -39 -2 39 -14 -35 43
 7 14 38 41 18 7 -4 -42 14 -24
 18 2 13 -4 -36 -33 -5 47 35 -38
 -26 37 -34 18 -29 43 -33 -27 -10 -33
 -13 38 -41 46 23 -6 13 11 -32 8
 -43 -49 38 -49 38 -47 47 37 7 -35
 -43 23 -38 -1 -2 -36 7 3 -13 39
 6 2 11 38 -5 3 0 23 -25 -16
 44 31 11 -10 17 0 20 10 4 -6
 -32 7 46 -40 -20 -17 -25 -20 1 -3
 -22 -12 -9 -45 -34 17 13 13 -19 -16
 -8 -38 -2 -35 -12 -29 22 0 0 -7
 13 44 0 15 -9 -16 -23 -12 -20 -10
 4 -33 5 0 -17 31 -8 25 5 -15
 43 -41 -2 -17 -39 7 -42 15 0 -17
 -1 0 -8 26 -27 45 -9 -3 -40 16
 38 26 14 42 -37 37 46 -19 32 -10
 37 -29 29 -46 9 -17 42 -41 -49 11
 -10 1 4 28 28 14 -7 -38 -36 -25
 32 47 -10 11 38 30 48 28 -24 -24
 38 39 8 5 -18 34 36 0 -48 35
 47 32 33 -20 38 -16 -39 -28 15 10
 -12 10 -33 4 36 8 37 35 19 -5
 8 -33 -38 -5 45 44 -31 -37 -38 -18
 22 13 -41 -10 -38 -45 -33 24 19 -8
 34 -1 -48 -30 -16 -36 -27 -24 8 25
 -23 12 10 1 1 -13 47 -31 -9 -31
 0 46 -1 -28 2 -1 4 -19 -40 -38
 2 -28 46 37 41 -38 -3 -23 23 -45
 -17 -42 34 48 25 -11 -14 -8 -14 30
 -35 -6 4 -42 10 36 16 -10 22 -3
 22 -41 25 0 -37 3 19 46 -18 12
 -28 -24 15 38 36 24 47 -36 13 31
 -24 2 47 4 -23 -22 -25 -32 7 -41
 -34 17 31 -4 -14 40 -15 2 -44 -16
 -25 4 -29 31 45 -38 -42 34 -49 33
 27 -34 -4 -8 33 44 34 -13 24 -11
 31 -41 30 -32 -37 -8 -43 -7 -40 8
 38 -21 -4 -29 25 -45 0 44 44 28
 22 -31 32 47 -10 6 -3 41 -13 26
 -33 37 -25 48 5 -46 18 -6 -10 25
 23 49 30 34 -45 11 23 1 14 -22
 23 -34 -32 24 9 33 -48 -14 -37 -3
 -46 47 -35 21 25 11 37 7 -40 34
 22 29 35 -17 21 2 -19 -35 -28 7
 9 -27 39 23 0 47 -33 16 10 23
 -9 39 44 27 34 18 20 -37 -32 21
 43 -7 13 -10 12 -32 7 -38 -38 -38
 -43 11 -39 49 -12 -41 -20 27 -30 48
 16 0 -44 43 -46 24 -12 -24 15 45
 -40 -13 -37 20 -11 45 16 26 -35 -33
 3 18 -34 -15 19 24 -28 27 12 -39
 -22 30 35 -15 -7 22 20 0 -16 -4
 -14 -29 -24 21 -14 -34 8 9 11 -42
 -41 34 5 -15 0 -31 9 44 -13 41
 -13 -37 17 -3 -28 -2 7 -5 22 -34
 -2 -15 46 11 -7 15 -15 -42 19 -45
 16 33 8 4 -19 28 46 36 0 49
 -39 47 -19 12 -10 -29 11 -32 -17 -37
 33 34 -24 -42 -22 9 44 -34 -32 -46
 -47 11 -30 -22 21 -31 -29 -29 -12 -20
 26 22 16 -15 -19 14 -4 -33 48 -1
 -49 -37 -48 -21 -40 -27 -19 -43 -48 -2
 -44 -29 17 3 -16 12 49 -22 49 -25
 -28 -29 19 23 41 30 37 2 -47 33
 6 38 -27 -11 -26 11 -4 43 42 12
 4 29 -30 32 6 -46 2 38 -26 -32
 30 -4 -36 28 5 -28 -9 24 35 -14
 42 -31 22 0 -4 -7 46 -28 18 29
 -8 -16 5 -31 36 -9 6 -41 -30 44
 4 37 47 38 43 39 -31 4 34 -42
 0 -29 5 46 -47 -32 21 -3 33 45
 20 2 -18 39 17 -35 -49 43 16 14
 23 -47 -7 49 17 -11 -46 -22 -4 -46
 24 -1 28 20 43 21 3 -43 -32 -12
 12 30 -1 -34 -37 -34 -13 -19 28 17
 -33 33 7 42 13 -6 -3 -37 5 -30
 33 43 -19 -17 -26 23 6 -23 -45 37
 -24 12 -32 -43 -11 37 12 18 -21 -4
 35 -46 -24 32 6 -29 12 -37 -23 -28
 -7 -46 11 34 -19 46 15 42 26 39
 -27 24 37 0 46 -26 2 6 26 -44
 -14 -26 47 -41 -7 -20 14 40 -7 -37
 8 11 8 -34 9 -21 -15 -4 48 48
 -33 -24 -30 -6 -43 -36 20 -42 -4 -8
 40 -22 -49 -14 -21 -19 1 6 44 43
 5 -29 -47 -47 27 15 23 18 -37 18
 -19 -36 -17 43 13 38 25 -3 15 0
 47 -1 1 -29 48 0 0 17 36 32
 33 -25 15 35 19 -28 12 13 47 -13
 -49 -44 -12 15 27 -15 -1 32 -46 0
 31 -28 -20 -13 -21 3 11 0 5 -10
 -16 -1 -2 11 -37 -8 -3 36 -26 34
 -32 25 -32 -16 -15 -28 41 -3 39 -17
 -36 48 23 -37 -30 46 -8 14 -22 16
 34 -14 26 18 -46 -46 49 23 25 21
 -23 20 -18 -8 20 -26 9 41 -31 -18
 44 3 24 -17 -46 48 4 -44 -32 -4
 -42 17 20 9 -32 20 -20 37 -21 11
 2 39 24 39 -30 -44 7 -41 19 -41
 -19 26 12 43 44 -10 44 -39 40 41
 29 -26 36 27 -2 -3 26 -8 46 14
 30 28 -49 -14 -14 6 -8 39 38 13
 -3 -38 -46 -13 -37 2 12 -6 46 -11
 -47 -3 7 45 -44 38 -49 -18 41 43
 48 -45 -45 -23 36 1 36 2 0 35
 -40 27 39 1 12 -15 11 0 -40 3
 6 -38 47 -10 11 47 -48 -27 29 -46
 -46 -43 29 -25 9 -16 0 -22 0 30
 14 -22 10 0 14 -7 -24 -42 4 -49
 9 -9 13 -23 29 41 42 -15 -20 -41
 -31 38 45 -38 -27 42 -49 -7 -8 39
 32 -25 -46 -14 -48 -28 -4 -41 -16 -19
 -19 48 -48 -32 5 19 23 -48 -20 -12
 -43 -6 7 12 1 -48 41 33 21 -49
 -10 -12 3 -33 23 0 -16 0 14 -15
 41 -21 11 9 -41 37 -22 32 -43 24
 -42 -40 -18 -47 -26 35 3 48 -30 4
 -29 -21 0 35 -16 14 48 3 -41 25
 -28 -48 49 -29 38 41 -4 28 0 13
 -35 39 -47 -31 28 12 26 0 -25 -45
 -3 39 46 20 9 30 -35 -35 23 12
 -49 12 -11 -13 36 40 11 42 -5 -6
 -49 12 -21 29 -37 -1 0 -3 -35 47
 0 -20 -29 -25 -30 23 -32 14 -5 -29
 -30 33 -7 -8 -14 -36 -15 28 -34 6
 -36 -37 5 -3 -11 36 -19 22 -43 48
 -14 23 20 16 -18 -35 -5 17 21 11
 2 -46 -44 17 -30 8 -32 -7 -13 -29
 26 -39 46 40 -49 12 -39 12 -15 41
 -5 42 -37 -3 46 27 -34 -2 42 19
 13 -1 48 27 -4 33 -19 49 -4 -16
 -47 46 40 -47 47 -15 -7 -40 44 -38
 19 -11 9 0 -48 -29 -25 49 24 -21
 -3 5 4 31 11 -34 35 0 -18 -6
 -5 -14 -24 -21 -35 -39 9 46 31 39
 -43 17 37 -8 -23 39 20 -29 -34 -1
 -36 -18 -26 -20 -38 -3 39 -23 -40 -24
 -33 3 47 -11 17 -5 34 38 43 -1
 9 6 21 -36 -10 -11 17 -43 -20 -22
 -44 8 13 46 -45 28 11 -15 47 -19
 39 -19 43 46 21 49 24 -32 30 -45
 -10 -30 9 23 -30 -40 29 23 10 9
 48 -16 -6 12 13 8 -42 -9 34 -46
 5 47 46 23 -47 35 -30 42 -41 12
 30 49 -9 28 -19 -1 -12 -3 30 44
 -36 15 30 10 40 30 -20 47 -47 18
 44 46 -41 -19 -26 16 31 -37 14 -30
 -41 -42 20 -41 25 -38 -39 4 20 -45
 -17 -19 -9 42 -37 -17 -16 5 -5 -38
 -33 -42 21 -42 23 -39 -5 9 -32 -39
 -48 6 -34 12 47 23 24 0 15 -37
 41 -31 -43 -5 23 10 -19 13 -18 21
 43 0 36 5 25 45 -6 7 -19 22
 -40 -12 25 6 -37 20 8 -27 11 -15
 9 31 -49 44 -26 -39 -19 -38 3 -8
 1 -27 8 -31 7 -14 -7 -46 28 -19
 35 24 -7 49 16 42 14 18 23 9
 -5 33 -35 -49 -3 21 10 -21 22 -33
 -11 -20 -32 -40 5 14 -28 20 -39 5
 32 4 -2 48 -11 -23 -44 19 -8 32
 -16 -29 49 -49 -36 -18 39 15 1 36
 -46 -44 49 -32 -11 -9 14 -28 21 36
 27 30 38 -28 4 -21 -10 -7 8 -17
 -10 -23 -31 -35 11 37 -7 -15 5 5
 29 -12 -14 -1 -33 -27 22 -25 42 -31
 27 7 22 2 -21 -21 3 40 -26 46
 23 6 -12 31 -45 -10 -21 31 -6 -8
 0 39 -22 -3 10 -28 17 -48 13 18
 10 33 -24 -45 11 18 -36 -14 22 -1
 44 5 42 24 -7 37 -44 28 48 29
 -24 34 45 -19 11 30 46 -5 -11 31
 40 25 -13 2 10 -38 48 -19 -20 -8
 6 -34 14 36 40 4 41 29 0 -23
 -25 -32 23 36 -44 -44 25 -21 32 16
 23 -18 -30 19 44 -26 -8 -30 -45 44
 -43 35 -2 -4 -47 0 -6 -2 9 37
 29 40 -33 -24 -4 23 -37 -5 44 -3
 -6 47 -39 -16 46 -26 -28 -3 31 32
 -4 -30 43 -11 -31 28 27 49 25 -11
 14 0 -45 -34 8 -18 28 41 -30 -2
 0 14 35 -28 21 14 17 -37 25 -10
 12 -12 -33 49 -10 -45 49 11 -43 -1
 -25 -7 -15 19 -9 -33 -49 -24 36 -8
 -26 -16 20 -18 0 -13 24 8 -35 27
 -26 13 -8 -5 32 -17 0 -7 41 38
 37 15 0 -11 41 -12 14 9 -7 15
 23 13 -27 -42 2 -49 -24 26 -7 -40
 37 -1 19 -17 -18 -45 -23 4 44 42
 16 -28 -33 16 -21 24 22 -38 -1 -40
 7 41 -17 -10 -32 0 34 11 11 9
 0 -18 21 8 12 -42 -14 -26 28 -17
 22 -10 -47 -27 9 -37 -6 24 25 -35
 31 -6 41 6 0 49 39 -9 32 21
 23 -37 25 -35 46 8 22 27 -12 -45
 -24 -30 -41 32 25 -48 28 -11 -35 21
 -41 -31 14 -24 -49 -26 -38 0 -25 29
 -47 -18 1 2 40 -33 31 -9 0 -15
 48 4 -14 31 -25 0 -43 10 -14 35
 -37 -24 -41 -9 25 -3 -6 31 -35 18
 -14 13 -36 -9 -2 22 -38 -5 -45 -41
 19 -21 5 -48 -11 -19 39 22 -19 -29
 -38 -44 11 12 -38 -6 -36 -9 -32 -15
 7 21 26 -15 7 -34 -38 28 0 7
 -26 -37 6 11 -9 -20 31 37 5 -26
 9 -21 -20 47 -21 18 -41 -21 -5 28
 23 -41 0 41 -37 3 -4 -16 -23 47
 -41 5 -45 49 49 37 -2 26 45 38
 36 -47 44 -13 -42 30 38 36 30 -29
 3 45 17 -12 11 -17 1 33 36 -13
 1 -28 33 -10 -41 7 -38 -29 -19 -4
 19 -45 8 -29 -2 -29 5 44 34 -38
 14 27 29 1 -28 28 42 35 -26 4
 25 -31 -49 -41 26 -33 21 -16 12 45
 -46 20 -35 26 26 -41 29 23 8 3
 -12 29 25 -46 46 -32 -32 36 -42 12
 12 25 36 -14 43 -9 18 7 -35 38
 -30 31 -38 -48 -38 -18 31 3 -15 36
 -39 6 48 31 -5 3 4 -36 -8 15
 47 -30 -39 -11 2 -37 8 -3 4 -36
 0 0 18 -4 -35 -3 -3 -14 8 -20
 13 -29 -43 34 22 -39 33 -2 23 44
 -28 41 -44 -7 33 2 -24 3 46 -21
 -9 -21 -33 -46 12 11 -22 0 34 -30
 32 -27 -29 0 30 48 -13 34 10 0
 -4 -16 -11 -44 20 33 41 40 25 36
 0 -40 -33 -25 5 42 -25 -28 -22 -5
 14 -48 33 49 14 28 -20 -18 39 9
 -39 41 44 -34 11 -14 -26 -48 48 -16
 14 10 -6 -9 12 -36 13 -26 27 21
 5 31 -38 -20 35 28 33 11 34 -48
 -28 25 -35 11 40 32 31 3 18 42
 -10 29 19 -34 -5 -7 24 22 -23 -3
 12 33 15 20 9 -2 6 -35 -27 -27
 23 -38 33 1 -34 -38 40 47 0 45
 -41 -17 -48 37 -15 29 5 -23 47 -46
 37 -16 6 -26 -16 30 -9 28 9 -11
 -27 21 27 8 38 0 35 24 -46 -8
 26 33 -49 19 -40 -27 11 19 -36 49
 -35 12 -49 -31 24 -28 -25 -4 11 24
 -27 1 35 38 20 0 -18 38 28 36
 -49 49 -29 -44 -2 -36 26 -39 21 32
 20 46 -28 37 -8 -39 35 -23 46 28
 -34 -34 1 -5 49 -14 -33 15 -35 -12
 41 -21 25 -6 -34 -11 -47 -17 36 -32
 18 30 45 39 0 30 15 39 -39 -21
 18 35 45 -48 -34 29 3 36 -48 -29
 -48 -1 27 29 25 -48 31 -14 20 23
 21 16 25 -24 5 -34 -4 -8 -31 16
 -44 35 -24 14 -17 14 24 0 -22 -42
 17 -14 33 29 43 -17 1 -7 10 31
 -46 -25 42 -7 -1 -39 16 25 38 17
 -24 5 -15 -6 -32 2 -49 -9 -29 43
 -18 -23 3 -28 -40 5 42 -15 19 17
 -5 15 -42 22 3 39 -47 33 -4 25
 -33 31 -40 40 35 -7 0 -31 -6 -27
 15 -31 42 48 33 -2 -28 22 -42 -46
 -25 -34 -8 1 19 13 -40 48 -45 44
 -29 -27 17 25 36 16 -32 48 -41 24
 0 29 -5 17 0 0 -7 33 -4 -35
 21 46 31 -44 -18 -14 15 3 -15 23
 30 26 -16 -17 13 -25 28 18 -34 -44
 2 -3 48 43 -37 48 -23 31 -49 0
 5 29 46 -10 -7 41 -24 23 -21 49
 -22 16 -31 4 -29 6 0 -4 -26 7
 14 -6 -30 -45 -31 -16 46 26 12 45
 13 -42 -11 -41 -10 25 15 39 30 0
 -28 -39 -2 43 -46 -1 19 -49 6 -5
 -26 -4 23 23 -6 23 17 -44 37 -28
 -6 47 5 27 49 -35 10 28 -47 45
 26 -42 34 -36 18 48 45 14 37 -21
 16 -9 -22 19 -46 -29 -3 -26 2 -36
 22 -14 -1 13 22 46 -24 -10 -29 20
 -44 -24 15 45 3 -32 -11 -4 15 18
 13 -49 15 -30 36 -6 32 -26 0 18
 30 2 -33 -32 -32 -3 -35 -33 14 -31
 13 24 11 -28 -48 -23 45 19 7 7
 45 -14 28 -47 17 -31 21 15 7 -38
 32 -15 -25 6 46 30 -43 42 46 46
 -6 -45 -49 -16 18 -32 12 -3 -44 46
 17 -29 37 49 -14 -23 32 -34 47 -37
 33 7 -40 39 35 -35 42 33 48 16
 -46 -38 37 22 15 21 -26 19 -13 -23
 -12 -14 19 32 0 21 29 -30 -29 -7
 -23 42 6 -32 -11 7 -4 -38 0 28
 -11 -33 -17 21 19 3 -5 -26 13 40
 -9 -18 -21 40 16 37 -49 -9 -17 29
 -23 -43 14 -36 -36 -20 -23 -42 13 -26
 1 -4 -35 40 -16 -24 21 29 18 44
 -2 4 -8 39 27 -5 -9 10 -24 9
 48 7 -25 0 28 -31 24 -25 -47 37
 -29 -3 -20 -17 -25 15 -39 12 -11 4
 -32 8 20 -3 0 -25 -1 -2 -36 45
 15 4 13 -20 -11 -4 -28 -30 10 28
 -26 33 -21 23 43 -46 -28 -49 -29 10
 11 45 -30 13 -26 -29 15 -27 -34 -14
 45 -24 9 3 1 -27 8 -31 37 -17
 -28 28 29 -46 -30 7 9 18 0 -3
 3 -46 -47 -31 -26 -12 8 32 36 12
 42 -5 -9 -9 -47 -29 0 -2 37 11
 -34 19 -41 -48 -4 -42 49 -24 -25 -42
 45 -7 -25 42 -7 18 -5 22 23 -36
 26 13 -18 -2 7 9 3 6 15 -3
 -11 43 2 -37 4 44 15 15 -24 -12
 -44 -38 20 8 43 -7 49 -27 24 -47
 40 13 -12 -32 20 46 41 38 25 26
 28 -5 -44 22 -26 -1 -44 -34 -38 -45
 16 15 24 15 6 -4 33 29 -39 1
 20 -12 -1 -26 -18 -48 -30 -35 8 4
 -6 -1 17 -49 -17 46 39 -2 35 3
 30 1 -39 -28 -35 -34 -27 -42 5 14
 21 -49 -34 42 41 -14 25 -40 9 11
 -7 -46 -25 -2 22 -4 -30 16 -3 24
 19 39 24 10 13 -9 -46 15 13 17
 19 -43 -34 29 -41 34 -34 -42 -25 -20
 -20 4 26 4 -2 -17 0 -40 19 9
 -1 -34 -43 38 -6 -36 -15 -19 44 28
 26 27 28 -2 -31 38 14 13 -25 8
 0 -15 -7 45 23 11 -45 -36 -17 47
 -12 25 -14 -6 -31 12 16 8 42 -44
 15 45 -24 -16 -10 37 -18 19 -24 -37
 27 -15 4 -47 -23 34 45 34 21 -30
 -12 33 13 31 36 25 21 -5 -2 -26
 19 39 -42 -38 16 -44 -32 -21 -49 -9
 -22 -35 6 40 9 -40 -46 2 -47 19
 -47 49 31 31 -14 -46 10 -36 -44 -37
 -6 36 -39 40 -36 -30 -31 47 -32 31
 45 -37 26 -26 47 -45 49 -17 22 -43
 39 -4 -16 44 36 3 3 26 -31 44
 9 3 39 -38 -6 26 22 23 48 -17
 -3 43 -35 15 31 21 22 -13 -17 -41
 44 -1 -49 -48 -30 -19 39 -37 -8 2
 5 -34 -48 -43 42 17 0 6 0 35
 -48 33 23 27 -22 -45 -11 -35 28 35
 25 -49 46 41 9 0 -42 -10 35 -42
 17 -13 -16 23 46 2 -18 7 47 -17
 -28 -31 8 8 2 -14 -48 29 0 5
 -11 7 43 39 -45 33 -21 -31 -38 -24
 33 44 9 -30 -26 -18 6 7 24 -16
 35 47 18 -26 -8 -2 -44 -3 45 32
 -17 -42 36 23 37 -8 40 3 39 -34
 45 -32 16 35 -42 17 -24 10 17 -10
 41 -7 -48 -33 -36 -36 22 11 -30 -45
 43 16 2 -30 -26 17 44 35 13 21
 -2 2 -22 -41 48 -5 23 11 21 -17
 28 -35 33 32 11 5 7 14 34 -19
 -48 -40 -11 27 -40 1 23 25 -21 -23
 9 -36 0 28 -27 0 -35 9 42 44
 29 -26 -48 22 -33 -44 -14 30 -47 -19
 -6 20 14 -20 -1 0 12 38 30 -29
 13 -27 37 -23 22 -29 -2 -13 5 10
 -45 23 -29 14 10 -27 -2 -18 -47 6
 22 31 -7 -13 24 15 -19 8 20 39
 1 46 11 27 -16 -25 -12 -36 11 -16
 44 7 -46 -44 -30 0 -8 37 -3 -7
 -31 44 -11 -7 -13 47 43 15 42 -23
 -10 -28 -8 25 -23 -10 5 -7 7 47
 32 16 -24 -46 45 -46 3 -29 -49 -34
 -39 33 -35 -30 -4 -46 22 -30 46 43
 45 17 -4 31 -20 8 -48 46 23 29
 -26 0 -31 27 -26 -47 -34 -6 -12 45
 3 -33 -8 -3 43 39 45 -13 23 -43
 10 -15 -35 -25 -20 -11 34 2 -27 13
 -29 -7 -36 -44 22 9 -34 -29 26 -35
 41 24 38 -38 -4 1 47 -17 13 28
 24 -29 -37 -5 -25 -23 -14 35 18 -26
 -12 -34 10 32 -31 15 -2 -16 -29 41
 25 5 7 -16 15 -27 28 3 43 9
 16 30 19 18 32 3 -34 35 34 -21
 11 -10 -12 3 -41 -43 15 26 -37 43
 46 0 13 -49 16 7 10 -31 -19 25
 -38 38 -11 11 23 -13 16 -43 -31 39
 -8 6 28 13 -28 20 42 -6 -40 -29
 -4 7 38 47 -17 -43 -3 -18 -4 19
 29 41 29 18 3 9 -49 -44 25 -2
 35 -41 -27 -6 21 -39 28 46 -33 35
 43 -39 -31 45 18 38 -3 -25 11 3
 23 12 18 -43 29 -36 18 -41 40 -4
 2 45 -30 -4 44 44 9 3 -38 -14
 -35 0 -47 -38 -19 -24 2 -32 32 -25
 19 31 -35 31 -11 46 -45 -21 44 7
 -44 11 -28 13 41 16 -10 -14 13 21
 -41 44 8 9 -48 -18 -23 -30 16 -33
 15 26 6 -24 32 49 47 43 -3 43
 47 -47 5 47 -19 -12 23 46 6 8
 30 -25 38 38 -11 -36 -31 -14 -16 18
 -4 -3 1 7 -3 30 -10 -33 11 -48
 0 33 -36 21 43 -32 -35 -32 -13 -37
 1 -8 44 -37 -22 -8 -48 16 10 -42
 43 -40 5 -45 -2 14 39 -13 -14 -23
 -27 -26 -42 25 -23 49 -29 25 44 -41
 12 20 -20 3 -22 -32 -11 -46 -18 14
 6 22 2 -23 -11 44 5 21 -16 -27
 -32 -10 23 -47 -45 5 -24 -14 24 -20
 -20 14 -45 6 -49 42 21 -27 34 -19
 22 28 34 12 45 15 36 43 -29 -11
 36 0 -32 36 0 -45 38 -27 -13 -27
 37 20 17 27 -38 10 0 -22 4 35
 27 31 -43 39 -34 2 25 25 46 29
 3 1 -37 15 6 -24 37 25 41 5
 4 18 -28 -13 -36 -49 9 -33 44 -36
 -23 -32 5 -45 42 -29 -5 16 -13 14
 12 10 -41 -6 28 1 37 -12 43 42
 -41 -49 33 -32 -36 7 -12 -33 29 -36
 7 44 -4 32 36 26 0 -36 -32 7
 25 -20 -39 31 23 -43 -9 -17 32 -4
 35 29 5 14 37 24 32 -43 -48 -49
 1 19 -38 -2 11 43 0 -40 -39 42
 -2 0 -8 -44 14 -48 16 -23 3 -24
 6 -7 2 22 39 16 19 -25 38 42
 -21 -37 31 -20 -20 47 7 -34 -18 11
 32 33 -40 -34 9 44 -48 4 -35 -15
 -20 44 45 4 -47 -1 -33 -19 -13 40
 -1 34 -30 -22 28 -17 0 -8 -34 13
 -23 4 -2 6 -31 29 -33 19 41 15
 -26 -13 13 36 -3 -26 -15 33 5 -14
 11 -18 20 -12 -9 -8 -29 8 34 -22
 26 26 -36 -40 -19 -4 44 -21 26 8
 -10 3 7 30 -30 2 4 -31 -31 11
 9 29 -11 -14 45 -2 -6 21 49 35
 44 -42 -16 -49 -10 -11 22 -34 -46 -24
 25 17 1 44 21 36 0 44 -39 -48
 -49 -44 16 -27 -21 14 -45 41 -35 -25
 9 -13 46 41 24 -30 20 -25 10 13
 42 26 -36 25 -26 7 -9 -5 36 19
 4 -41 -40 42 -9 5 -18 -12 38 1
 36 -29 -27 -22 -31 24 -46 19 25 -6
 37 -14 44 -39 -21 21 -2 -34 -5 30
 -3 28 17 23 -26 -41 7 -17 34 -37
 -42 -39 -5 41 -43 -23 -39 -18 -12 36
 -22 -19 -14 -16 21 47 21 -23 -35 -6
 16 -39 33 -40 32 44 -39 6 -31 38
 45 -28 37 10 -41 -10 33 -36 -10 -5
 -27 28 -15 -18 27 -13 4 19 -14 -13
 29 24 -41 12 49 16 29 23 46 27
 -14 6 -23 24 -23 -44 47 -2 -34 23
 14 -49 -4 37 -2 -21 -39 -2 28 42
 31 7 13 36 -45 19 -22 20 -43 22
 1 30 -11 0 2 -22 -15 -26 13 -27
 16 46 14 -30 28 11 49 11 47 47
 -27 24 45 32 -34 -16 15 43 8 8
 21 39 22 -43 31 45 22 -13 -35 0
 36 14 -18 31 22 33 -21 11 24 -34
 -8 4 -43 -12 -29 29 9 18 23 -4
 34 -9 -38 18 -16 28 35 -34 -39 -14
 -24 36 38 16 -39 3 -27 -34 11 -47
 9 46 -42 -21 -4 44 31 6 -16 45
 11 -42 -40 45 18 -32 37 4 -35 0
 19 40 -16 33 -28 39 -17 47 -41 17
 -33 -8 -44 -15 10 48 -32 48 -6 30
 -15 48 -28 39 -32 31 5 -15 33 -6
 -9 -5 45 26 41 23 38 -19 -24 -33
 1 -3 14 44 33 13 39 -9 -18 49
 39 9 -33 -18 8 -37 -49 36 -44 19
 29 35 24 9 29 -48 -9 27 -10 -28
 -2 31 22 1 11 -45 -48 49 28 -22
 37 -28 30 9 -1 -48 -19 23 37 -1
 -37 42 -27 -39 -15 47 0 -20 -38 3
 -34 11 3 -26 19 -6 25 16 1 43
 -27 35 -1 46 -44 48 12 21 48 -10
 36 18 -6 -49 20 -5 31 -17 25 -39
 -42 -22 -8 20 20 -8 14 -24 -29 -6
 -34 12 27 -47 -38 -4 13 -5 -22 -11
 -14 35 -31 -23 7 26 -41 -14 5 27
 26 23 10 -21 -29 -11 11 -40 -25 -4
 19 -24 -28 2 21 5 37 -22 -10 45
 3 -44 29 -26 17 17 -37 10 -32 -14
 -46 24 12 18 -42 -25 42 34 27 -3
 7 30 -44 0 -28 -25 -35 13 -7 -23
 -4 -40 47 -29 -48 -49 -3 13 3 38
 27 43 -17 -18 49 8 33 -37 49 -6
 0 -25 -29 7 32 30 0 7 -33 43
 24 37 27 -19 -23 22 9 14 29 44
 40 24 -14 28 -39 24 40 25 5 29
 10 -40 13 -31 -11 -13 15 31 31 32
 -38 24 46 -27 28 -39 -42 -23 37 -24
 37 -47 -32 -32 -40 -33 -42 -44 -28 11
 16 10 23 -42 19 -34 47 -38 -33 47
 30 36 35 -2 -34 43 10 -11 40 -46
 -43 26 18 45 -16 0 47 44 7 5
 24 -8 0 29 7 -15 33 23 -5 -11
 12 -47 -4 37 -39 -29 -4 17 44 -39
 -45 -36 17 24 30 1 -36 0 -11 -27
 11 23 -39 -19 -13 -25 -41 -33 36 -45
 45 7 44 -2 -12 -15 -5 42 -41 29
 10 -40 -3 45 -35 -30 20 45 -48 -2
 -23 6 6 -26 7 22 -13 12 -12 -17
 -46 -17 -30 -1 2 0 25 -4 32 -38
 -20 -25 11 -25 16 38 -1 -20 34 -30
 5 -48 -31 -26 21 -41 10 35 34 -47
 -21 -16 -48 -8 -27 5 -38 37 -25 9
 16 3 -24 3 -13 -34 -1 49 -27 -44
 10 -44 15 38 -26 -19 36 -49 -3 27
 -5 46 -36 40 12 24 -21 10 -18 -35
 -23 -21 25 44 24 -1 42 16 13 -11
 -22 -48 7 -34 12 35 43 -15 3 0
 -26 -18 4 38 -44 -39 -25 -2 -31 28
 0 -21 40 -36 42 -38 -21 -7 -23 33
 -5 28 36 -28 46 -11 0 -43 -18 22
 28 -5 -48 -41 -22 -40 39 -40 5 37
 -7 3 0 18 -17 -26 -37 -35 33 16
 -36 -3 -19 -37 -4 -3 -39 1 -4 -5
 0 -20 -14 32 40 36 -10 -35 -8 -23
 9 31 -32 45 10 29 21 -43 20 34
 4 -34 17 22 34 -32 17 -30 -1 -8
 -31 13 -43 20 22 -8 4 1 -38 0
 0 37 -3 -35 2 37 -30 -8 -49 -43
 -16 12 -34 -49 45 -41 -3 34 -19 -17
 28 21 34 -36 -24 -39 43 49 1 -13
 40 1 -14 43 24 43 1 -29 -22 -42
 -48 45 39 12 4 -41 20 -4 -34 48
 19 -42 11 16 31 -18 49 45 3 7
 -41 9 36 -49 -2 -35 -43 24 8 12
 -38 49 -14 33 1 -16 -25 -16 41 -49
 38 -19 19 -21 27 -15 -18 26 -3 -7
 -14 27 24 -5 -17 38 -18 -23 -37 -28
 13 -13 -48 11 -27 -35 21 -4 36 -9
 29 45 28 3 25 -35 41 21 44 26
 36 -25 -28 31 -45 -21 6 22 -37 5
 21 22 -29 40 39 -28 23 -24 17 40
 32 23 20 10 -17 -28 26 -20 42 43
 44 -30 -33 -49 -32 38 -24 21 31 -43
 35 8 -26 -38 33 -27 0 -33 11 -17
 47 -49 -36 27 4 44 23 -7 33 26
 -9 -20 -4 5 -2 -41 -29 -4 28 -22
 -22 10 11 36 -13 -31 -41 -47 -4 -34
 10 31 18 1 8 -14 31 36 -14 -49
 0 -29 -24 2 6 -43 -31 24 21 37
 1 29 17 -1 -28 24 2 -39 34 -31
 14 -37 47 -6 -4 24 -40 31 13 45
 36 -23 -5 -43 -20 36 34 46 -32 -48
 -24 24 -41 17 -30 -9 45 -29 -32 -8
 -26 8 25 -27 10 -3 -37 8 -41 -18
 -14 -20 -44 -21 40 -14 -20 35 29 6
 38 45 -14 -36 27 21 23 33 15 37
 -34 20 0 19 8 -25 -1 -7 22 10
 44 13 -2 34 24 36 25 -12 -16 -5
 -41 42 -22 -13 8 18 31 -40 15 0
 -44 10 19 -6 27 19 -22 33 -4 -24
 -44 33 -34 26 9 29 -6 17 44 47
 43 -13 0 0 3 32 16 -21 -24 -33
 -30 46 -28 30 43 -6 -3 47 -2 -30
 45 -4 -3 33 8 30 14 -42 -29 11
 0 30 25 14 4 32 -8 -8 11 46
 4 -8 0 19 27 36 -28 1 -4 -42
 -31 -32 11 17 -3 44 -25 44 -44 25
 23 -22 31 0 34 -12 -37 -48 -34 -36
 -28 32 16 27 3 -32 41 29 44 -11
 38 -21 -27 46 -34 -10 30 -1 -18 -32
 20 -37 -21 41 39 -17 -23 -19 -38 -23
 -12 -30 -3 22 -7 38 -29 12 -37 -30
 -38 17 9 -3 -8 -21 29 44 39 4
 40 -12 10 -20 0 7 -5 19 7 -16
 -26 34 28 38 -47 -39 -4 11 1 0
 14 -42 -21 -44 22 -46 23 3 6 -33
 -32 -21 -46 -5 39 -29 44 14 41 -1
 11 19 -24 -32 -1 -38 6 -18 34 32
 12 -28 -7 42 -18 -30 48 -41 -22 -20
 24 -8 49 -13 28 5 -2 -9 23 43
 3 10 4 10 -9 27 -6 -31 -23 -4
 18 17 -22 -33 25 21 39 6 -35 -19
 16 -30 -41 -41 -18 22 6 43 27 26
 11 18 -39 -42 -24 -32 -20 -11 -9 3
 30 13 -30 -6 -12 2 19 -24 -35 36
 24 -30 -25 34 -10 2 42 3 -16 7
 -30 42 30 27 38 25 16 27 -42 37
 18 -21 17 -6 -25 22 -23 -41 18 -36
 -35 35 -6 -39 16 -48 -7 43 31 9
 27 2 -22 -5 -15 29 -21 -14 -11 -37
 -7 -12 -8 -35 -46 -20 1 4 12 -39
 43 2 -33 49 -2 7 20 -4 -8 28
 15 -12 12 2 -26 38 -35 -42 -1 46
 29 32 29 -14 -47 -36 34 -44 41 30
 -31 -20 -3 11 -20 15 -20 -47 -45 8
 -3 17 -36 -26 24 -45 43 -1 -32 30
 -14 -47 -41 -36 17 -11 -27 21 -36 -44
 3 -42 -8 -32 -24 16 -42 29 40 0
 0 -1 -2 1 -13 -7 41 -22 -24 -49
 41 46 -12 -20 -30 8 -37 12 43 -21
 30 0 -9 32 -35 -7 -34 49 0 -19
 -41 -48 23 -10 7 -43 -46 -34 -30 -5
 -28 -23 -22 20 25 11 5 43 -42 -16
 39 -1 46 6 49 -38 23 -5 -20 5
 -17 -36 -15 -29 20 -36 27 10 -6 -15
 5 18 -5 34 -22 -12 48 25 -43 13
 -20 18 -30 47 -48 -4 -14 0 48 -46
 -2 -23 41 -3 45 -2 25 -6 34 -3
 -41 -13 -13 1 12 -23 -36 17 39 12
 8 10 2 32 -47 -11 18 -19 -37 -36
 32 -3 -18 -15 -31 -11 -28 26 12 -21
 -25 -30 44 4 22 -27 -12 -31 -21 2
 35 -10 0 -4 -1 -44 -45 14 44 36
 1 -14 -8 1 44 -1 14 -13 33 25
 2 -47 -48 -10 -46 -16 -7 -45 -5 -49
 -46 22 -14 19 -18 -3 -32 -47 22 0
 -37 -12 3 38 4 0 -26 0 22 40
 14 41 -25 3 13 -10 -26 27 40 12
 -40 26 15 24 14 34 48 -8 -37 -19
 -3 -31 12 -5 -34 3 -25 36 -32 9
 31 0 43 -46 -1 -28 5 35 36 12
 17 -27 43 1 39 -26 -32 -18 28 -39
 7 48 44 46 -31 35 -18 -29 -4 -15
 -46 -26 47 43 -35 -37 37 -31 -24 35
 49 -31 18 -1 43 -49 45 -17 21 -35
 16 11 34 -9 43 4 -36 -17 44 21
 -40 -22 32 -40 36 44 15 40 13 -12
 11 -36 -25 12 -32 -17 -42 -20 -38 -13
 -31 -1 46 -11 47 21 -3 3 14 -47
 14 -7 39 27 36 -44 31 4 -10 -13
 25 1 -42 22 -49 43 -38 -49 -21 -3
 32 -46 -28 28 -2 20 31 14 -23 -12
 13 48 -43 22 28 19 28 45 21 -23
 26 20 35 26 49 8 4 45 -6 -31
 16 24 44 -42 -12 0 44 28 12 19
 -49 15 -10 16 2 29 5 47 41 21
 48 -31 2 32 -23 -30 -14 38 16 49
 -35 34 26 26 10 0 19 41 12 -24
 -39 47 24 -3 -28 35 -39 29 12 -25
 -19 -3 16 3 -16 6 -49 8 -45 25
 36 -43 12 45 19 30 21 -41 42 -32
 -28 -23 -1 3 -5 32 0 -31 41 31
 19 -34 -44 38 -28 -33 46 -18 -28 3
 -31 25 -12 13 -36 47 12 -6 26 -16
 -37 48 5 29 -28 -4 37 43 -30 46
 17 -24 -45 -3 -12 37 13 -43 39 -14
 -14 -30 34 -22 35 3 1 1 49 20
 33 -9 -37 -47 -22 -41 42 -22 33 -3
 47 -2 -45 7 22 46 4 -25 -13 -4
 -10 -6 -12 -40 10 7 -7 20 0 31
 23 37 -21 -29 -27 5 -14 -12 -36 46
 8 22 28 38 -22 -28 -47 -37 -34 -28
 43 48 16 -9 -38 -34 -25 0 -7 -28
 -16 -16 17 42 28 -26 -27 10 -32 -19
 -33 -13 -48 -11 6 -39 -39 6 1 13
 6 -14 -43 -22 -25 3 17 20 -17 -20
 -2 -38 29 22 -21 34 -31 -13 8 0
 -40 17 -45 -13 -10 19 36 -21 31 23
 21 -14 38 47 11 16 -44 -43 -6 -24
 13 -24 -13 -26 0 -23 -12 11 41 3
 25 8 12 -48 34 -32 2 -24 5 17
 19 -16 16 49 -15 17 -14 29 -41 43
 9 -2 46 -40 2 4 -18 -24 -45 41
 4 -25 -24 -44 -27 -45 6 -49 24 -17
 -24 -42 39 38 32 -10 9 37 22 34
 -34 0 35 0 -23 -28 13 45 -28 43
 -5 31 13 -38 16 -26 -39 -15 -32 31
 -42 21 29 36 45 -4 -26 47 28 -46
 15 0 -32 37 -43 21 23 -48 -6 21
 11 6 -18 10 -20 12 20 43 3 31
 11 -35 -9 42 12 28 28 -24 41 15
 44 42 43 49 33 20 -38 37 12 -27
 34 -40 27 -5 23 -38 11 37 -4 -8
 41 -30 49 -32 27 -8 43 -26 34 42
 4 18 -37 4 20 -5 -48 -26 -11 31
 -8 -27 18 17 -44 -28 26 -30 31 49
 -35 34 -40 39 -38 -32 37 -47 31 29
 -38 -40 -34 6 -12 13 26 1 -18 -17
 -39 -29 11 -11 -38 -16 21 -6 12 -22
 -39 13 43 -17 -6 28 38 -28 21 20
 -8 -21 -10 -15 -40 -26 -4 11 28 0
 -45 41 13 -30 3 -18 6 -32 -46 17
 8 35 28 12 -49 14 47 14 21 -42
 46 -26 47 30 -24 3 41 6 -15 -23
 -11 45 18 31 -26 -35 -10 -19 -19 -42
 -5 35 -24 -31 -39 20 42 0 38 -38
 -16 0 0 -13 25 14 -40 -10 22 -19
 9 4 7 -31 12 -21 -32 -17 8 -26
 3 21 9 -11 -3 5 19 38 -9 -46
 -49 11 3 25 17 8 29 44 42 -14
 -32 20 26 -22 37 37 11 47 -43 -47
 35 -14 -30 -4 -37 49 28 7 41 25
 33 -36 0 -27 -36 11 1 -14 -10 18
 -47 42 -1 -42 -49 -42 27 -46 -11 45
 -32 40 45 -27 47 -15 39 36 2 13
 -6 33 -5 46 -36 1 -47 -3 -6 -44
 -40 23 35 -34 43 15 -40 33 -3 -8
 -33 33 48 41 -3 33 14 26 15 -14
 -12 -30 -28 -9 21 2 42 38 46 -36
 -27 33 -37 29 -17 -1 0 -18 -11 5
 -26 -16 -23 1 -47 -29 -18 47 -1 12
 -18 -16 38 4 37 38 7 -11 -47 -8
 -13 -35 21 -17 -21 -49 19 -41 35 1
 33 -39 7 36 -49 -43 38 14 -10 23
 -23 22 -20 -30 -40 -37 20 -38 -34 -42
 46 11 46 -3 -14 26 -14 -48 -3 8
 -25 17 31 -15 -26 -45 48 2 -45 -12
 -33 15 -5 8 -14 7 0 37 -34 16
 32 3 0 -19 26 -6 -11 -34 -39 -2
 31 28 -23 26 -27 -33 -45 -36 -49 -2
 46 -43 9 17 47 -43 5 24 -18 49
 -4 22 29 -18 48 26 -31 -32 31 0
 -16 -17 -36 21 -8 44 -11 -8 -35 -34
 22 21 -36 35 -14 -24 -29 25 -16 -19
 -46 23 6 -17 -13 -9 -1 48 -26 -38
 48 44 17 -38 22 11 -6 -36 -44 -13
 24 1 17 -21 25 45 -47 -22 -28 0
 35 12 47 -48 -2 30 37 -43 49 31
 11 -38 17 -20 -16 -18 -14 25 23 37
 24 -39 -41 -14 16 38 -46 37 26 -42
 -45 -15 18 -11 -10 24 33 -30 0 42
 22 37 14 -9 -4 37 10 3 -30 -29
 46 -27 1 -47 31 -42 39 -42 -11 35
 -31 28 -33 47 0 -22 -7 -35 43 -1
 29 29 -21 11 -15 -49 -12 -42 44 -37
 -33 -43 10 4 21 43 -13 -9 -47 -48
 -27 12 2 16 39 3 -34 27 35 -48
 17 48 18 10 -35 36 36 47 -30 -46
 15 23 -39 11 -46 -6 28 45 43 35
 23 32 -37 -15 -44 8 -45 -43 48 14
 17 -11 -47 4 48 12 -11 -30 -10 -13
 8 21 2 36 -27 -47 -38 -33 -14 -23
 -43 -33 45 -25 37 -26 -9 35 17 -17
 -19 3 15 -23 -22 24 -46 -8 -13 23
 24 -19 -43 -2 48 -14 49 25 -10 -32
 33 -38 -9 19 -13 -32 15 -10 7 -16
 47 29 -32 33 -7 44 -44 -36 -20 -38
 -36 46 22 -1 -40 -12 -46 10 -49 -15
 -3 -39 -22 17 49 -46 31 -5 0 14
 2 -48 -35 31 21 -5 -17 32 -12 15
 -36 23 9 45 29 43 -5 44 44 -6
 11 -18 49 -30 -44 -28 3 -6 1 32
 -23 20 -42 34 -33 -38 44 16 47 -16
 13 -31 45 5 -38 -5 -46 18 41 15
 -10 24 -49 28 -13 20 47 -18 8 -30
 -39 25 33 -30 -5 -16 35 -47 7 -29
 49 42 -12 -25 35 -18 -32 -3 -27 21
 -20 -3 -25 -32 -38 -21 -40 28 -23 24
 15 -41 16 -34 23 16 -40 25 -36 -8
 36 -35 -13 -5 -42 23 42 -38 -12 -14
 10 -2 34 43 -11 1 26 -10 -41 8
 12 0 30 -22 -19 9 16 -11 0 15
 18 -7 -29 20 -28 -35 38 -10 7 35
 -2 -30 -41 -13 -31 -28 -7 -9 17 21
 12 41 18 -36 -46 -25 11 -18 -27 12
 15 -2 -4 -19 -19 41 41 20 -2 8
 -37 49 17 36 43 -19 -47 37 33 7
 -28 24 19 42 11 0 6 -22 44 40
 1 7 -46 14 -18 23 19 -33 25 -28
 40 -38 -11 -19 31 -14 46 4 -47 39
 1 -26 32 -37 2 18 -24 -43 -22 -12
 -4 33 4 -22 -3 -46 15 23 38 -32
 3 -10 6 36 -5 -4 23 11 47 -13
 -12 -26 30 -3 24 -7 18 8 11 16
 24 29 24 11 16 -38 -5 0 17 -28
 -17 42 29 2 -37 -47 -33 -22 -10 -14
 45 -30 -18 -7 -41 16 23 -41 30 -38
 30 -9 4 20 -37 0 -18 49 30 32
 -5 -46 -25 13 -13 23 -44 3 41 49
 -34 -10 30 -24 -2 -24 -6 -12 -18 38
 -28 -4 24 -33 7 35 8 -45 -10 -41
 -45 37 -30 -11 20 2 -25 43 42 -39
 -32 -39 21 1 -11 -12 23 44 0 0
 7 18 0 -3 20 0 39 4 33 -49
 38 -8 -43 -5 -8 -12 2 48 -45 0
 -43 -8 -20 47 31 25 27 -10 39 5
 -34 -3 -30 -34 18 42 -14 43 -15 8
 45 30 -34 9 7 4 -45 -36 34 -3
 1 5 -9 31 34 31 -24 -30 17 -23
 4 25 21 0 34 -15 12 -48 13 11
 -3 49 25 24 11 -23 28 3 -13 -19
 -49 -11 -10

 -43 -30 -24 -25 9 6 5 23 -43 28
 18 -3 -7 7 -17 -8 22 29 -38 1
 47 -48 18 -33 -30 3 25 -42 48 3
 38 27 38 -15 -46 -5 -41 -36 -14 -11
 41 -4 -6 49 23 -45 31 -14 -8 -40
 -32 -14 2 -22 -39 -24 -3 -5 -24 6
 -1 -1 28 4 -10 -12 6 -31 -9 24
 13 -46 0 -7 -9 -18 48 -12 20 -18
 -15 11 49 -33 -31 13 -47 -39 -19 11
 -43 12 17 -48 0 2 -21 -13 20 -30
 40 -33 30 11 -9 -23 27 -5 -7 42
 2 4 -28 -30 44 -49 7 3 48 37
 18 35 36 -36 30 24 8 -14 -36 -11
 -24 28 24 -10 9 -22 -40 1 -7 9
 -37 -30 -41 17 -44 -21 -32 2 -7 -5
 -35 -10 -4 -47 -12 -12 0 -31 46 26
 -36 -4 48 37 -17 46 5 -44 -1 5
 41 26 35 -17 34 19 8 0 -43 26
 28 17 42 -4 -14 26 -37 6 48 8
 -23 35 -34 0 -22 -29 44 -30 -38 -34
 6 -9 -9 11 0 -19 -15 -44 -41 13
 39 -4 9 40 14 10 -44 42 -21 -21
 17 -16 -14 12 -11 -11 28 -10 33 21
 49 28 34 -43 -7 -12 1 -10 -48 19
 10 -3 29 -35 34 -15 -7 -38 6 -46
 1 -29 25 -42 -38 17 15 -37 25 16
 -21 -7 0 -12 -4 -11 -33 38 4 25
 -18 43 -6 -48 45 46 -20 -31 -48 -37
 49 49 2 -42 -14 37 34 -44 41 -13
 -48 16 28 -29 9 2 37 -34 -30 25
 27 34 -34 -39 -37 -26 9 -10 17 41
 35 -15 -37 46 -39 -24 12 -10 0 26
 45 -30 -44 48 12 46 -1 -20 35 34
 -47 -8 -26 39 10 -28 32 24 -49 -26
 17 -45 43 -33 -22 -3 32 -29 32 5
 8 -26 34 -11 15 13 -31 -49 25 13
 -49 42 -18 42 -17 -48 34 -29 34 -13
 3 24 -16 -2 49 -48 -47 46 21 -16
 44 38 35 46 -30 47 -11 38 -1 32
 -13 16 -6 31 -33 41 -37 17 48 -37
 30 23 33 -36 41 -22 47 30 9 -47
 -31 25 -25 -29 -49 18 49 25 -8 -12
 -10 -12 -9 -46 -18 -8 29 -10 43 -35
 2 -33 -30 7 -5 -34 39 31 35 22
 15 -20 40 26 -49 -30 -41 44 27 -40
 6 28 0 12 -7 -1 31 13 -22 -21
 43 26 20 -25 -18 1 36 -36 -11 17
 12 -28 -44 -21 -15 -38 0 46 34 -36
 42 -34 -23 -35 24 15 32 -24 10 -30
 -10 -27 27 -31 -49 48 6 -24 -35 46
 14 13 -12 -32 -9 32 -38 48 -31 -30
 -25 -3 -7 42 -48 48 -46 -40 15 -28
 -30 45 5 -12 23 19 31 -23 -22 15
 -8 36 46 -20 33 -1 -32 -22 -15 10
 19 -38 49 43 -3 -4 -8 27 0 -19
 -36 -31 -16 44 25 -2 -23 -3 19 -16
 -13 -15 -26 -11 -5 47 -45 43 10 -2
 -25 32 13 -5 -7 42 -15 -38 26 3
 10 -27 -1 -48 -43 23 44 -6 22 27
 -6 -44 40 0 30 35 0 3 -3 -27
 -4 -4 -17 1 -48 -40 37 -21 -22 -14
 -36 -5 -40 39 -22 8 44 16 -4 -31
 -18 -4 10 22 -45 -33 -25 12 -24 3
 -29 -17 5 -24 41 42 -36 -21 38 -10
 -25 -43 0 41 -16 -19 23 10 33 16
 -37 -9 -2 42 0 48 23 -8 15 6
 32 8 -14 43 11 -15 19 40 -48 4
 20 -37 45 -18 25 -5 -37 -3 -5 18
 -24 13 36 38 13 47 -23 -21 20 19
 -13 -38 26 -29 -44 -8 13 -3 -20 -40
 -17 31 -1 -43 -13 21 -37 0 33 23
 6 -48 48 -25 19 -49 0 -23 17 1
 -15 -38 23 35 45 -34 -41 29 -16 2
 44 -45 7 9 25 24 8 -30 13 1
 23 49 -23 -4 34 -36 44 -36 -26 21
 33 14 -31 46 16 -14 24 49 43 16
 25 20 -49 -10 -25 44 -44 -14 -36 -21
 -12 -48 -2 -27 48 -7 22 9 40 -30
 31 38 42 37 -20 6 -1 16 43 -42
 -37 35 -45 -44 -44 -10 45 33 -40 32
 2 -14 -10 -18 0 12 -42 3 37 -28
 6 -36 33 -4 -45 7 46 39 -13 23
 -19 -10 -47 11 37 -16 -40 -7 -6 -35
 38 -43 -35 1 -41 -17 -6 -10 -40 -23
 -33 18 19 18 -37 30 26 9 33 48
 0 43 39 -48 -35 -21 3 -27 -3 16
 2 -15 -39 23 -22 45 5 -29 -17 27
 3 -19 27 -10 -45 18 -37 -26 21 -2
 0 -34 42 -17 -15 -5 30 -35 14 -28
 28 28 -33 -24 -13 -44 10 -10 41 -48
 15 -45 -44 -25 44 -18 37 22 48 11
 -26 43 4 24 38 29 -21 20 9 4
 -45 -6 22 1 -41 -30 2 0 26 -43
 -18 -7 -17 22 -37 1 -39 -19 41 47
 46 -12 1 -34 46 -23 -7 -36 16 -28
 34 36 -44 -43 0 1 31 48 27 -24
 37 -1 49 11 -22 -39 -48 48 -18 14
 12 41 42 2 -20 -16 4 45 -36 27
 2 -45 -25 2 -20 -34 21 -8 45 -2
 35 -36 22 32 -38 13 15 -16 -16 -5
 44 -32 -8 21 -39 -34 -8 -13 -22 -20
 -29 -8 -34 0 -9 -19 -13 -46 -19 -37
 -14 28 1 -36 27 -24 -42 30 -27 37
 36 -40 0 -24 36 -46 -1 -26 -35 7
 -5 -26 -40 -1 -18 -2 -10 29 0 -1
 -1 37 -29 -40 29 4 -32 33 -48 -31
 -8 -14 46 -17 25 19 41 15 -40 17
 15 -11 -15 -35 -15 24 -48 -17 21 -7
 32 27 -18 9 -3 -43 18 14 5 -1
 46 -4 37 20 32 -15 -4 -16 -10 43
 25 40 43 6 16 44 5 3 45 -2
 -49 -44 -22 9 17 25 -29 0 0 19
 -2 -6 -3 40 -8 -6 2 27 -26 40
 -33 -7 39 49 18 49 -42 -10 18 5
 -7 -36 -13 -6 -22 5 -14 -1 49 -13
 4 -19 41 -7 18 -25 47 -46 18 -9
 41 32 -2 -2 1 44 -43 -40 -2 -23
 -1 14 -4 -31 45 25 -3 36 -1 29
 5 -45 -2 -6 35 -29 15 -14 44 0
 -26 -18 -21 -28 9 -49 42 32 -24 8
 6 -8 35 33 10 -36 -27 19 -4 36
 -35 20 4 17 4 15 -3 37 2 10
 26 -15 -32 22 -13 -18 -7 33 42 31
 -27 -30 17 48 -25 -5 24 0 9 0
 44 -32 13 -6 -24 0 0 13 7 1
 33 -38 10 13 -34 -41 -3 12 -42 23
 -2 -44 25 -21 33 -20 4 42 -13 12
 14 -37 -1 42 19 25 8 -41 32 -19
 12 4 -14 -10 -49 21 36 -15 -17 -7
 45 -39 41 -40 -26 43 -46 -21 -8 -15
 13 -39 29 -22 -1 0 28 28 40 15
 -29 -39 -37 -24 14 -41 33 28 27 -9
 -13 32 -46 -41 5 11 45 -48 46 -4
 -33 45 41 -9 42 17 -38 -32 40 38
 32 10 -28 -17 -26 24 9 -2 -28 -21
 25 -29 -27 -1 31 -12 -24 -35 -19 17
 3 5 36 -43 -3 0 -41 15 -45 2
 -11 -45 -23 5 15 -23 7 38 -46 0
 -12 26 -25 35 -40 16 41 -23 -15 7
 -18 -32 0 41 -45 20 36 30 0 32
 6 -14 19 42 -48 3 17 24 27 -42
 -16 49 -2 -43 17 33 -45 5 10 35
 -12 -39 -48 -10 7 -40 36 27 19 47
 24 18 -41 23 -27 14 32 -49 -36 -15
 -18 26 21 26 -41 -15 1 -40 -8 8
 49 -39 42 -25 -3 46 43 43 9 28
 -9 -47 -49 28 -27 -15 -46 -46 1 47
 12 16 32 -14 -2 -39 28 25 -49 21
 17 -46 -39 -38 27 46 -27 37 5 -28
 -37 14 14 9 -6 0 23 -7 48 -44
 47 27 7 35 -36 22 -45 2 20 45
 31 -20 10 -43 37 18 31 4 40 -20
 -45 0 1 22 -29 7 8 29 -37 -38
 34 49 -29 -3 27 35 0 -33 38 -20
 28 40 40 12 23 16 32 15 -9 46
 -9 -7 -34 48 -29 5 26 -47 -16 -17
 15 -33 -39 -21 1 34 -18 49 -23 24
 19 -22 22 -4 -40 -2 32 -14 10 -5
 48 -15 38 8 30 -41 -12 -42 47 -39
 10 -31 10 -30 20 -15 -37 18 -45 -22
 -6 -44 -29 33 30 46 23 -47 -42 -34
 -23 37 -43 -3 7 -7 -46 -12 32 -31
 -12 -29 -19 41 -22 -9 36 37 -45 33
 -35 -11 -19 -19 45 -32 -12 -31 39 -7
 -11 -6 -30 -11 17 8 0 -34 -27 5
 -30 14 12 31 -26 9 12 46 -19 35
 23 36 24 5 -14 -2 46 -16 44 -43
 14 37 8 0 0 -37 3 -39 27 -28
 25 16 26 29 39 15 -41 -34 17 32
 -4 31 -3 -39 31 19 28 28 -12 -22
 -9 -48 30 45 43 42 36 -21 26 37
 40 -45 7 48 -8 44 -12 -45 46 23
 2 36 5 29 48 30 36 16 -35 -13
 -39 -34 -42 -31 -36 19 -19 47 -10 -4
 0 14 -49 4 20 -32 -26 -11 -27 -30
 46 48 -34 46 -21 -1 11 -33 -27 -17
 -43 -14 -48 4 -45 26 -35 -30 35 -4
 32 39 10 0 36 46 39 40 -43 18
 13 -36 -4 17 -32 5 42 -38 1 -29
 -20 25 29 -32 -11 24 47 32 26 -43
 40 28 15 -25 -45 -49 38 44 0 -5
 -23 49 40 29 0 -39 -6 -40 -34 -33
 29 43 -29 -32 17 27 -1 -35 34 -45
 -34 11 7 7 0 49 -48 49 -38 31
 9 -30 20 16 38 -16 47 0 -30 37
 -7 -5 -13 -49 40 -2 -17 31 -42 -9
 -38 -33 5 -19 17 -45 -24 37 48 -47
 13 30 -40 48 -40 -3 11 -24 16 0
 25 -41 16 -34 -22 17 39 40 36 -24
 40 -40 11 30 -27 1 9 12 5 41
 -42 -11 -17 -30 38 38 0 1 39 -38
 34 31 39 -49 27 47 41 43 7 44
 -47 -41 10 -9 -16 -3 33 -11 -29 -41
 26 19 45 24 -10 34 44 24 36 -28
 6 15 -1 -24 -38 -44 29 -11 15 14
 -40 -40 -42 28 16 -3 -17 0 -10 -45
 23 -29 41 39 -6 -10 -3 45 -6 -39
 -7 13 -34 -40 44 29 27 2 43 24
 -42 29 -25 -5 30 30 22 -15 16 18
 16 21 -38 40 -43 -3 33 21 3 -1
 47 -45 29 -4 33 -49 8 1 20 -10
 6 -32 4 15 -31 11 -17 0 49 -48
 -23 -46 -42 -45 37 -1 32 13 24 47
 -3 -22 27 44 33 3 41 18 -2 26
 48 -24 -38 -26 -33 -33 -21 -38 -37 20
 -17 -47 -18 -47 44 -17 46 -4 31 4
 11 33 -27 -30 46 2 -46 27 5 -46
 40 -27 30 -5 45 -9 22 39 -25 -49
 -1 -29 10 -36 26 -20 40 -43 17 -4
 41 -26 -25 8 -35 46 -4 20 -8 -44
 38 -27 38 -34 -2 48 0 -16 -5 47
 -34 44 -27 -25 8 -23 -3 -39 20 25
 45 16 -7 35 41 -5 16 10 -26 -27
 -32 1 49 -26 -28 25 -7 -17 -30 -41
 -34 36 2 -31 -11 -43 3 -9 12 13
 10 0 37 -11 -44 -3 46 -35 11 13
 -1 42 17 -25 5 -29 -14 10 38 -37
 14 -6 -27 -15 -41 -5 -8 31 40 32
 25 -42 -11 -15 25 -26 -30 29 25 7
 23 -44 17 0 49 -15 35 28 -1 16
 -31 5 -23 -24 -36 -2 16 17 -33 8
 42 -26 26 -43 0 3 26 -34 13 -46
 -37 37 32 28 -38 21 29 -30 25 -40
 -15 -7 0 28 31 -16 -40 19 -24 20
 48 -18 6 6 -39 36 19 -8 19 45
 -28 48 -13 1 21 -28 -36 23 -39 32
 11 14 7 -1 49 -1 -33 36 11 -8
 37 -15 -4 45 -7 29 -46 -33 -20 -35
 -14 33 41 9 -38 -21 -46 -37 1 -23
 38 10 27 5 -9 37 -14 -14 -31 -7
 8 -38 7 0 -34 9 -1 39 11 35
 -42 39 1 1 47 43 -20 -9 32 -9
 7 -5 -44 2 -9 -1 -49 35 -18 -20
 32 -26 -26 -17 39 -28 -45 33 -41 -34
 13 13 14 -33 36 -19 -34 0 28 -39
 -27 -44 -14 22 -45 -37 48 14 38 -18
 -22 38 28 -39 9 -48 35 3 6 4
 -11 10 -39 24 7 13 13 -45 -31 -30
 -13 -48 20 -18 -13 31 -22 26 16 38
 34 -33 4 -33 -30 16 35 23 43 24
 27 35 -23 0 13 9 -25 12 -34 -40
 24 34 47 -2 9 13 39 40 19 19
 -38 -32 -44 -14 -45 -13 0 42 -13 18
 35 -26 49 14 21 -30 45 -47 28 -40
 -22 1 -2 -15 43 42 30 -6 18 -19
 0 32 -46 -30 18 -10 -17 -48 41 44
 -5 -39 14 -4 2 -3 21 -24 38 -36
 -34 33 40 46 10 -28 40 -41 44 -49
 12 42 1 27 2 -45 -12 -19 34 15
 -17 -30 36 -49 -42 22 33 45 -24 42
 -36 6 -32 -30 30 -26 -33 1 -45 -37
 -9 -20 37 8 -5 16 -28 32 0 -43
 8 39 -39 -24 0 -5 -1 48 -28 21
 41 -44 22 26 32 -46 21 -37 37 3
 -45 7 -6 -16 30 18 3 -47 13 22
 8 -26 -12 -31 12 49 -12 48 -12 -12
 0 -42 47 -43 -20 -29 17 -23 22 10
 3 -39 12 11 42 11 -11 4 -27 42
 -3 27 1 6 -11 46 -24 -3 39 28
 29 -20 -36 -45 -41 -12 -13 -49 -44 -6
 -21 -14 30 42 -31 48 15 -49 -29 16
 -46 -9 27 -33 23 -6 -44 6 -42 -30
 35 -14 14 -14 -35 -8 -22 33 -6 -15
 -29 42 15 32 -18 -14 -5 19 -43 -12
 -28 -24 -36 -13 20 36 32 -23 -32 29
 9 0 -36 -9 3 24 46 -11 30 16
 -2 19 47 -35 -37 11 -24 30 49 27
 6 47 -39 -1 29 9 13 -7 25 -4
 -22 37 14 49 11 -28 -4 -23 2 48
 -12 -17 -40 45 -37 30 -46 47 -15 -31
 39 4 -24 3 -5 -41 38 -28 38 37
 -48 1 -38 -34 5 39 -36 27 27 -20
 16 44 -10 1 9 38 -45 18 3 -10
 -34 -41 26 -21 -25 43 32 6 40 33
 -6 33 9 7 47 -10 9 45 -47 11
 -9 -32 12 14 -12 33 -10 15 3 -26
 -32 18 13 -35 25 43 0 24 1 14
 15 -17 -46 -29 7 27 1 -18 -34 -14
 -25 26 5 12 -31 -15 43 44 11 -10
 25 -27 -13 11 -31 15 35 5 -43 3
 49 -33 -39 14 5 -43 -43 -37 -43 30
 4 -49 -26 3 -48 -27 18 -44 -7 28
 2 42 -3 -11 16 29 30 -46 -11 -40
 -32 28 30 26 -1 42 -40 -8 47 -33
 1 16 -21 -14 -37 -4 42 -8 37 28
 -29 17 -11 32 13 -28 22 -36 14 -46
 -2 -11 19 -35 24 -2 45 11 -40 25
 -25 21 -38 48 -27 21 -36 1 -7 21
 24 19 -44 30 41 37 -11 33 36 -3
 14 -11 38 15 15 -8 16 20 19 -11
 -46 0 1 -33 -48 2 -21 -41 29 -12
 29 -37 -41 -38 37 -22 -14 32 2 7
 -33 -49 -38 -29 0 -4 -9 -22 21 32
 14 -32 -26 18 -47 29 1 35 0 -43
 -36 -7 -7 2 36 43 39 29 -27 37
 39 -20 -4 37 46 -39 -49 -39 22 31
 14 -7 24 -49 -37 -20 3 15 26 -21
 -33 7 -40 -16 2 40 -40 3 11 48
 3 16 -40 -49 49 -28 18 -22 11 44
 19 30 8 -20 -31 2 -3 -19 -29 -48
 -41 19 -37 39 -15 -27 -41 -34 5 -4
 -47 -18 18 13 41 -18 -6 -35 -17 0
 -49 -22 36 43 -20 27 21 17 20 21
 -39 1 -28 32 -45 -47 -45 -9 -42 -13
 -20 8 -39 -25 31 42 -37 3 -17 22
 -7 25 -24 -15 -15 22 2 9 23 -20
 -40 14 -11 -11 -48 24 -17 -23 -20 2
 5 -44 29 18 0 -33 -6 -26 5 12
 21 -14 1 -44 -46 -10 0 -27 -2 3
 5 33 42 -47 44 -6 0 33 37 19
 25 38 -13 -29 32 19 -43 -21 -41 -21
 -30 -39 35 43 -14 -3 13 8 -25 35
 -14 -17 -9 32 39 -14 26 -6 -7 -37
 -41 -5 -30 22 28 -4 12 10 39 -24
 -1 49 29 -6 1 24 -21 7 44 7
 -31 16 -39 -40 -6 -18 8 -3 -3 25
 -26 -38 11 -47 45 -33 -3 -40 -14 -38
 -28 -16 -22 -30 -18 44 -3 22 -42 -22
 21 0 39 -10 25 23 -3 -37 -42 -3
 -20 12 -22 -38 21 44 49 -40 20 -44
 -31 -33 -29 -8 29 -8 -28 -27 16 -29
 20 4 7 17 31 40 37 13 -7 -43
 -31 -49 -3 -25 43 15 -34 -14 1 29
 -40 12 -29 2 -19 -40 15 7 39 41
 17 28 1 8 -30 -36 43 7 -37 4
 17 40 -24 31 -2 -9 33 -9 -34 -10
 32 15 27 -17 -24 10 7 48 49 -33
 26 -19 -16 21 33 29 -39 20 44 -12
 14 31 -23 42 26 12 25 -5 -39 18
 -28 44 -4 -6 -2 -44 -40 -32 42 -45
 41 -25 -31 33 42 -34 11 0 -28 31
 -26 -44 -26 -49 6 30 32 -18 -28 -25
 -13 17 -2 -24 33 23 -29 21 0 -34
 26 -37 41 -22 -1 0 -26 -32 -15 43
 33 -6 -45 -12 -12 -12 -11 -41 -32 47
 0 24 14 -49 -21 4 -5 -1 5 44
 -41 37 16 -27 -2 25 48 9 -2 -40
 -18 44 -32 -42 -21 -3 1 -21 -13 -40
 -22 -48 -30 40 -23 18 -24 -19 -38 1
 35 -6 -9 -17 9 4 8 -47 -24 -30
 19 -28 42 -5 -21 25 21 36 44 45
 -34 42 -5 -5 -43 -8 40 -28 8 0
 10 -27 -44 -11 -36 -29 -17 20 15 -17
 23 30 30 -5 38 43 -6 -21 -43 41
 -30 -24 36 49 -17 -21 5 10 -11 12
 -11 40 -24 22 -5 7 -13 17 -20 39
 34 37 33 -37 -39 -16 28 1 15 19
 0 1 -27 -9 33 -36 15 -13 -48 -41
 -20 9 -11 -13 -20 -28 -24 -21 9 12
 -6 8 34 1 -5 36 31 42 28 29
 -20 -7 14 23 16 -20 -23 8 -5 6
 -38 -43 -14 -48 10 35 42 30 -6 9
 33 -35 38 -20 -25 -2 4 -32 -48 -30
 -38 48 -37 22 -26 19 -26 5 15 -16
 -13 -10 44 13 -15 -32 -39 -28 4 -32
 41 -15 24 -23 -44 28 27 -2 -33 0
 4 -36 -25 -1 -8 34 19 -19 -4 -48
 4 0 7 -7 13 31 28 46 15 -46
 15 15 33 44 4 41 35 28 11 -47
 31 -34 -23 -15 -6 -7 -8 -34 -43 -15
 -49 45 14 -3 42 13 -49 -49 -29 26
 -48 48 -31 0 -35 10 -26 -1 -21 -9
 48 38 23 -17 31 -17 -12 -24 26 9
 2 -26 36 21 49 -31 -34 -11 31 29
 24 -10 -43 -37 -35 1 2 0 -16 37
 24 -7 -1 42 8 1 -30 -47 -11 -16
 -1 -35 49 -6 -49 -11 46 -8 43 13
 0 26 14 -5 33 -10 14 46 19 11
 21 -41 -46 14 15 -21 2 -6 0 7
 13 -46 -6 3 -24 3 -43 -19 26 27
 -1 -42 -12 -8 -24 8 24 -46 14 34
 -6 -38 -17 -42 -21 -6 -38 41 -13 14
 1 39 47 24 33 -16 -40 3 15 -46
 -5 -11 1 -5 -9 -37 -11 -13 -36 -48
 -33 -31 -18 -19 4 31 23 0 37 -16
 -36 14 20 3 -44 -14 31 -31 -35 -19
 14 -40 -48 -35 6 -15 22 26 -27 3
 4 -35 11 27 10 15 12 31 15 -40
 -44 -34 -36 -6 49 -20 -23 45 32 18
 14 -10 46 28 -26 -23 0 42 -36 -24
 -19 -32 -37 -6 26 17 48 -2 -26 39
 6 -14 0 21 49 -47 -41 -33 47 -46
 36 4 -22 -46 -39 37 12 -7 10 -38
 10 24 -22 48 27 37 7 19 -13 42
 -38 -25 -34 -19 -39 2 17 -12 -20 48
 -16 -29 32 26 -35 19 45 -12 32 -41
 -6 28 -22 -27 -19 -1 -34 -10 31 33
 38 -24 0 -3 -12 -31 44 -15 9 5
 49 -11 -40 -36 -25 -11 -31 10 -38 -8
 23 35 -35 -48 -5 8 14 46 45 47
 -15 45 -45 5 -34 -23 22 25 -7 -16
 14 6 29 17 -6 -23 -2 -17 -31 6
 -46 -39 -33 43 -37 13 -44 -17 -7 -15
 0 47 -45 -23 -10 30 -48 -20 -20 -36
 -46 10 40 -38 24 -22 16 -5 9 -20
 5 -7 -8 40 -13 39 48 40 -33 -25
 25 35 -38 38 -36 -32 39 6 -39 -2
 0 -23 -9 -25 12 2 46 -5 -8 -1
 13 -6 -22 22 39 46 21 -22 -6 -38
 -20 -40 1 39 -29 36 -35 -17 23 -20
 7 -45 -2 41 1 -39 -7 23 39 -6
 12 0 16 -28 -26 45 10 10 -9 -43
 -47 -16 27 34 -42 27 -37 26 38 31
 49 -6 31 48 30 29 -19 39 -23 22
 40 -10 43 -2 -7 -28 41 -45 43 35
 -46 -26 -16 34 0 -14 -10 -31 9 -42
 -18 -19 13 -29 35 31 25 -32 9 -29
 -34 44 47 6 -39 32 -17 0 -16 -45
 -6 20 -40 37 37 1 0 14 23 -30
 35 -13 17 24 47 33 21 31 38 -13
 37 -38 -45 47 -16 -11 -26 -40 -32 -22
 -23 -44 -1 4 1 33 -27 23 -37 -44
 -11 -14 19 20 -44 -5 30 -25 -26 48
 -47 -30 -41 1 29 -31 42 -5 11 -29
 -45 26 20 -18 -4 -21 43 15 22 16
 -39 26 22 29 -29 -20 36 -41 40 42
 49 33 -13 49 -31 -41 24 -27 24 -36
 -30 -48 -47 19 -48 -44 43 14 -20 -36
 1 -1 21 -7 -23 -16 47 -47 37 47
 -15 0 30 -43 -15 40 -22 37 21 47
 -22 25 -11 -37 48 -34 40 29 -30 -35
 47 -10 -42 17 -49 -18 -26 -4 29 -19
 6 -19 0 -26 49 -47 2 -35 -19 47
 -13 -28 20 -37 39 4 -11 -2 -33 -32
 18 6 -48 31 30 22 45 -46 9 -23
 -19 40 -30 -31 16 -23 -42 -8 34 -34
 23 -24 3 31 11 -38 32 -5 39 -21
 36 -20 32 -10 42 -36 -12 49 -20 6
 -4 -9 36 39 -42 -39 33 9 4 10
 0 14 25 -9 -45 21 -12 6 -38 -44
 -21 39 5 11 0 12 20 9 47 -23
 -31 16 26 -11 31 27 -47 -39 8 -21
 20 38 23 3 -7 -23 -12 32 -24 -47
 -7 41 7 23 39 -43 11 25 25 8
 -43 7 6 44 -27 49 -8 6 -41 -6
 -42 12 26 24 15 -1 -24 33 45 35
 -30 -45 26 6 -21 46 -45 39 -12 -1
 -28 -10 -47 12 -31 6 14 -10 38 7
 47 13 32 3 -21 11 17 -37 -24 -18
 11 -44 36 -31 36 49 33 15 -21 22
 -17 29 0 47 -45 46 -15 -45 -48 17
 -42 -46 38 -46 34 -17 43 -38 -45 39
 42 46 -5 46 3 -49 -28 -11 19 9
 -30 31 -5 -4 5 -5 -21 -22 -46 10
 0 -17 -47 -45 -19 -22 5 -35 44 8
 -30 -27 -6 -1 31 -2 1 19 -36 35
 -12 0 -18 37 12 -15 31 0 -40 -16
 18 -34 49 -37 2 -40 31 -20 -26 21
 -36 42 19 45 -4 -47 4 -17 13 16
 41 20 -13 40 -28 4 20 25 40 24
 26 13 -22 -37 27 39 1 5 1 -36
 -38 -47 -14 48 11 -20 4 -29 5 33
 -40 -16 -22 -15 0 -24 0 -17 30 -21
 -39 24 23 12 13 22 37 -9 41 -36
 -17 0 -28 10 23 -43 9 33 42 0
 22 -32 -41 -30 -36 -3 -6 46 -43 -13
 25 -5 -42 -22 -43 21 17 26 -3 29
 29 6 37 12 11 42 39 0 -31 38
 17 37 34 34 -21 -6 -1 -25 16 7
 16 -13 0 -4 44 -42 -19 -41 15 -5
 -41 -17 23 5 -26 -13 0 -21 21 -5
 43 31 10 -29 -24 -11 -11 6 25 19
 -24 12 16 -17 13 11 -42 16 24 -10
 1 -3 -26 39 -39 -43 22 34 -7 2
 16 -31 -4 14 -16 4 33 -37 -31 -14
 20 3 26 42 -48 -33 46 -45 37 -38
 -40 27 -18 15 -22 1 48 -5 -28 -9
 28 44 21 2 14 -24 7 49 44 -43
 5 -3 6 7 28 45 -28 37 23 -46
 42 0 44 -29 7 45 -46 41 9 14
 48 -15 23 16 -24 -17 -37 22 -47 16
 17 18 5 -24 27 -25 37 -23 -42 -15
 20 2 8 -19 6 41 -10 29 -31 -28
 36 -32 17 20 24 -43 -28 34 8 -1
 12 22 15 31 46 25 48 -46 39 -40
 5 6 -20 12 29 17 27 -29 21 6
 -12 16 -29 -10 19 8 -33 10 -3 10
 -24 -38 43 -30 -31 29 29 -4 -32 -34
 15 -10 -3 6 -37 39 24 35 -47 -29
 -1 -22 -29 -34 27 -11 28 33 16 13
 -48 3 16 23 -37 41 -23 -28 -42 -4
 20 36 -23 0 10 -34 44 6 -28 20
 -22 30 -41 -24 -19 -23 10 -22 -25 -18
 31 39 22 -25 -25 40 -38 11 -16 -37
 -41 -16 -28 -32 48 -26 -33 41 19 9
 2 -49 10 -15 -42 -48 21 -25 43 47
 44 20 -44 -35 23 -6 -10 18 25 -14
 -5 42 -5 36 27 22 -43 -38 -24 32
 44 -36 42 40 33 25 7 -15 -16 -7
 -45 28 0 -32 36 2 1 15 -42 -10
 -33 -20 -38 25 -15 37 -11 11 -22 -31
 -48 5 44 7 5 27 -3 -23 -47 -23
 47 19 24 -45 -7 11 -45 -39 13 33
 -44 -4 -1 -38 3 14 31 -17 35 3
 -15 46 -37 -29 6 45 -13 24 10 -32
 -41 -8 -41 -17 -38 6 34 -29 30 -41
 -49 48 31 -34 -33 45 -16 22 44 47
 -48 18 20 -2 33 44 -39 -36 47 5
 -39 15 38 -44 36 34 44 25 -17 14
 6 44 47 40 10 -9 -20 28 -6 4
 -35 15 -25 39 -21 -19 -29 -43 -2 -5
 42 -31 -32 -14 9 0 -21 4 -46 9
 -3 32 5 6 -36 -34 22 -28 25 -29
 -31 -29 -6 -13 28 22 -21 25 -12 -39
 -10 -1 -27 19 0 40 -26 41 -21 -2
 34 34 -27 35 -47 -30 -39 23 -26 -25
 38 38 -23 3 -25 36 6 -31 -37 22
 47 15 34 -33 -21 -4 26 15 -26 26
 -8 -47 -3 -10 48 26 -39 -7 -46 -13
 -43 12 9 -35 -41 -31 -23 -9 -28 19
 -49 -3 44 8 -23 -10 -39 6 -41 -15
 -45 35 44 30 26 -13 -17 35 -21 -5
 15 -36 -47 12 17 2 -47 48 -3 -31
 -20 -45 20 -12 15 -12 48 -19 -10 0
 -38 -49 -16 -42 25 -21 -10 -48 38 42
 13 -28 -31 16 -1 -29 49 -28 -16 22
 -17 45 -16 16 -45 -13 33 31 -22 -13
 33 45 19 32 40 46 37 12 43 11
 5 25 26 23 -47 -28 16 9 -46 24
 -38 24 -1 1 23 -40 13 -2 11 13
 -42 14 -39 -2 -25 28 -11 45 -40 34
 15 -21 -28 -36 33 44 28 -13 40 45
 27 21 -45 20 -30 -34 -38 -39 -40 -12
 -1 -2 -15 48 -27 18 -4 -48 -37 -28
 -13 -37 -22 -31 3 -31 20 -28 -39 -17
 13 27 -18 -27 -9 36 -11 11 -36 -28
 -27 45 8 30 36 -48 -2 -22 -24 48
 -48 29 48 1 49 15 -6 -17 -15 7
 39 22 38 23 -33 -10 3 -45 -22 21
 32 41 -3 -48 43 -1 -15 -20 -21 13
 7 -36 6 -17 -49 -37 -12 6 -48 -6
 37 -31 48 -21 -36 5 10 40 28 41
 -45 -3 -10 -4 -45 14 -7 44 34 -17
 15 -2 -15 -15 14 0 -8 -21 -34 35
 -46 -31 -13 -1 29 -43 -37 45 37 -7
 -47 -1 8 -1 -2 -15 -4 9 -6 -43
 -5 -20 15 47 20 -40 -18 -28 7 -12
 37 -42 -1 -6 34 -22 31 -26 45 47
 46 21 49 -17 -47 -6 29 33 11 11
 15 -17 -28 -20 -20 0 -13 -12 24 34
 35 -25 4 -24 -38 21 -21 -32 -18 -18
 -49 22 4 32 4 -25 -11 -21 7 -40
 -34 17 30 -14 32 37 42 0 -37 -28
 -48 -29 27 21 41 10 -17 10 34 -41
 2 -30 -14 -4 -5 19 39 43 -35 -3
 36 44 11 40 -31 21 48 26 47 -16
 -1 -1 22 -44 28 15 -42 34 14 -14
 27 25 0 41 -12 -28 32 -25 -28 13
 -11 -18 48 30 -25 7 -6 -35 -37 23
 -1 19 10 -37 19 -32 -8 -25 -15 1
 -27 -25 -8 9 48 41 -24 -38 -18 -41
 -11 26 -4 36 -17 -11 -16 -32 -2 29
 -7 -45 29 20 40 40 -26 28 -44 10
 -2 34 6 47 12 48 27 9 -19 25
 -2 30 37 -20 3 45 43 -22 -19 -2
 7 -38 9 30 -36 27 -27 -14 27 32
 -1 -44 -12 47 -45 -21 -3 -40 33 33
 28 -41 -5 36 24 15 42 -8 33 -45
 -9 25 11 48 -31 19 20 -26 26 0
 16 -26 -23 36 -12 -19 -2 -46 49 36
 16 -31 34 -1 -42 0 27 -40 22 -30
 27 -47 47 -8 34 0 -5 -11 -35 36
 -30 42 20 -4 -47 40 11 29 -20 31
 -43 -49 45 6 9 -12 3 49 11 -36
 21 38 17 26 3 -44 -18 1 -42 2
 -17 -35 -26 -49 29 -4 -21 23 -20 -49
 -31 -33 -30 -35 30 -1 -37 -7 -38 13
 21 18 -46 -31 48 13 9 -21 -9 4
 41 -35 -28 -4 16 25 36 -28 0 0
 -31 28 -45 -40 31 -41 44 42 14 6
 12 25 14 -6 -29 46 -42 46 21 44
 -36 2 45 49 6 39 -42 14 16 -11
 -14 -40 11 6 -49 -47 12 36 -46 13
 -48 33 -30 39 -46 6 23 -49 42 49
 9 47 -27 -20 -6 -17 14 -19 49 16
 -3 -21 8 -46 -24 8 33 42 26 -37
 -37 -29 39 8 22 23 -23 -29 22 18
 29 1 23 -36 8 -14 -18 24 -9 -3
 45 -47 31 -45 8 12 -24 -15 -26 -44
 13 -33 -7 37 -15 17 -46 7 -22 -30
 35 36 -18 40 -35 -37 -1 -5 0 -49
 -14 -49 4 -29 -21 29 7 27 -41 -26
 -4 14 -31 -42 1 21 -17 10 -44 -37
 13 16 -24 -21 -18 42 -2 21 1 -41
 -16 38 -48 36 -21 31 -22 -40 4 -26
 -17 4 -3 -47 47 46 -34 29 26 21
 36 12 24 -8 -14 -14 -22 48 49 -25
 31 1 49 27 -15 -49 49 -24 -8 -25
 38 12 -44 -44 -36 -21 -31 -12 -14 17
 -42 -41 11 -43 -10 -28 10 30 3 -26
 25 -29 29 -11 24 -6 -45 39 48 -22
 -47 40 28 3 9 18 49 9 -45 -26
 2 -24 21 42 -4 47 -49 14 24 19
 16 -22 -14 21 33 27 15 -26 48 -36
 25 -44 35 14 -31 24 0 16 -3 31
 -33 17 25 -6 -21 -5 36 33 15 26
 -20 -19 28 4 -46 14 2 44 -29 14
 -12 48 6 28 15 48 -7 -39 8 10
 11 42 8 -5 -8 -40 14 -33 -3 -7
 41 -49 46 39 -24 34 42 38 -21 -11
 26 35 48 -26 -15 27 30 2 -12 -41
 -11 -11 40 2 38 12 3 9 12 -44
 14 33 26 20 -38 0 27 0 -20 -22
 -27 -43 48 35 33 -14 43 47 -33 -35
 -27 -45 1 5 22 -37 16 -45 5 6
 37 -14 16 33 -48 48 27 -29 -8 -33
 -13 -21 -30 -46 37 -28 -28 27 -33 19
 -25 -34 15 4 16 -23 -46 38 22 -33
 -49 -13 40 -30 -14 16 47 -15 27 18
 6 -21 -12 -44 17 -30 0 -17 3 -24
 13 -13 -26 40 29 49 11 15 -44 49
 34 -10 -4 14 -13 -44 -35 21 -9 -18
 41 -49 -41 -19 17 20 -24 -22 42 47
 -32 21 -43 -19 -10 -33 36 -13 33 -40
 -41 22 0 -46 -10 -29 -16 31 13 22
 17 -44 36 25 39 5 44 38 -8 -24
 -17 -35 42 23 -34 44 47 5 9 22
 -26 21 -34 -9 -6 -34 42 15 2 27
 18 33 6 -26 -42 -9 -17 -7 -11 43
 13 -43 -18 5 -10 27 26 -44 -29 0
 7 16 -25 33 -30 9 43 29 42 0
 48 -25 -40 31 37 34 -19 2 -9 -30
 -27 35 23 1 10 -3 -33 -43 19 12
 -20 -25 48 -39 -38 -23 40 33 -47 42
 45 -12 29 2 -10 7 -45 37 7 -4
 -36 29 -40 19 22 -16 7 8 2 18
 38 29 -2 -21 46 -45 40 9 40 39
 44 -30 39 -48 -47 -39 1 -28 -19 -33
 28 29 2 36 -19 7 26 27 -12 19
 38 35 -47 -5 -41 -13 -36 38 49 -33
 -36 -30 22 -14 47 -5 -37 -17 -16 -35
 17 -19 31 -11 28 29 21 2 -47 -26
 44 -28 -18 7 42 -3 22 -23 39 0
 48 -10 47 -20 -25 -27 30 40 14 11
 -30 33 25 9 34 -19 -32 44 21 -21
 42 -3 30 10 -32 -17 -12 0 46 8
 -44 13 -4 -38 -26 45 -46 2 -39 -38
 33 -35 0 39 -19 -4 41 48 18 -31
 -8 -43 48 45 34 9 37 35 11 -42
 23 19 -29 -39 -35 40 30 -28 -17 -24
 46 -47 -20 -34 9 4 48 43 -17 -29
 -10 0 -28 -37 -29 20 -43 -18 -49 27
 46 -9 40 -6 9 -46 38 -20 44 31
 -25 -35 41 36 -10 26 36 40 44 -10
 -8 23 -32 49 1 -33 43 37 47 -26
 32 -33 32 -28 34 -33 20 -22 26 -9
 -2 13 -49 32 -8 43 19 -23 29 -2
 -20 -8 43 26 -35 16 19 33 -44 -45
 2 -43 -9 1 26 -36 11 7 -1 -11
 -4 1 -38 -39 42 -41 -8 35 -23 40
 -39 44 42 32 -33 -22 30 -1 -35 -37
 -8 -26 12 1 45 -42 -3 -46 -35 -19
 28 -16 -42 -11 41 -24 -30 -12 -28 37
 -8 35 3 -36 -8 -17 6 -8 -22 18
 -18 -38 23 -47 -45 17 -3 16 -17 13
 34 32 28 4 -35 27 -11 25 -46 -15
 34 48 13 -15 -22 -17 14 -18 43 -36
 45 49 17 -10 15 1 31 17 -1 -23
 17 -12 6 16 24 -47 19 -10 42 38
 -10 -25 34 19 17 11 21 45 -21 -22
 39 9 -6 18 18 -8 46 -1 -43 38
 -48 -12 -14 -47 21 -40 -12 16 26 8
 9 40 0 2 48 12 -37 -24 -38 -5
 -6 15 0 -28 13 -46 16 31 30 -6
 3 -18 3 -28 -31 -6 19 -46 28 25
 -4 -38 6 -42 9 48 -24 -45 -16 -22
 -9 13 33 -40 -47 37 7 -26 -14 -46
 33 0 12 29 35 14 24 49 -19 -7
 -17 15 25 9 48 6 5 -32 -34 -11
 -11 0 6 -48 20 -42 46 23 12 -4
 -24 -32 30 19 18 14 -10 -34 28 37
 16 -5 38 -35 -8 42 -49 -9 11 18
 -17 33 -33 29 -43 -15 20 -35 8 22
 16 -43 -36 27 -40 -5 -33 -16 -8 6
 -40 -43 -27 -11 -42 -3 -3 -37 -39 33
 -29 -24 -21 -39 10 34 45 -14 17 -10
 35 -16 36 -43 32 -37 -48 39 -42 16
 38 -40 -26 16 -13 26 39 -27 -25 -12
 -32 -19 -28 -10 41 -27 -44 -44 -32 42
 -44 14 -6 39 19 4 25 -27 29 -39
 -11 39 10 8 -49 -31 18 23 21 47
 0 -34 -25 -20 41 15 -40 2 2 -31
 17 4 -6 0 32 28 16 -45 -13 9
 29 -25 -40 0 -28 35 -33 -6 -3 9
 28 41 -38 7 -8 4 28 -10 4 44
 -14 28 15 0 22 -28 -44 -18 16 -15
 26 -46 31 5 -30 0 -13 16 45 -14
 42 -20 33 30 -2 43 47 -26 10 -20
 45 -46 -1 37 19 -24 36 -6 -42 17
 -28 -40 -41 8 -47 22 24 -24 38 37
 18 -25 -16 31 -39 -35 -44 -48 5 26
 10 46 -29 47 15 26 -25 24 -2 40
 23 -8 49 47 31 47 42 -1 -39 6
 -40 -5 -5 21 6 -22 -32 -17 26 -26
 12 46 19 -12 -6 0 -1 -17 -2 48
 -28 21 4 -35 -41 2 45 18 -8 -7
 35 8 -5 39 30 44 -41 -20 2 44
 -46 -34 34 -1 -44 -12 29 15 -49 15
 -9 31 10 -19 20 10 -4 -1 -27 27
 36 -13 -30 -23 -24 32 17 45 8 -13
 27 -4 -32 -43 -2 24 3 0 -24 -37
 11 20 -4 -20 18 39 -30 -17 39 49
 -40 37 -36 1 28 24 0 -34 -47 36
 45 43 -44 -49 -4 -48 23 14 39 38
 -40 -43 45 12 -35 -22 -29 16 41 -13
 -22 25 49 37 -35 -45 12 -11 23 -33
 5 24 -21 32 25 35 41 19 40 16
 22 30 2 20 46 -5 -36 36 -5 -29
 -46 -46 32 15 45 -21 28 -16 3 40
 28 36 -22 8 22 -45 -43 27 7 34
 -1 -18 18 36 14 38 -13 25 15 17
 47 19 -21 -49 -33 -18 -38 32 -10 -2
 37 -36 -9 3 -4 -15 -40 28 6 -22
 -26 49 -40 8 43 0 -24 -18 -33 39
 -16 14 4 12 18 -37 35 -7 -8 45
 46 -43 29 0 1 -30 40 30 43 -37
 27 -15 38 -18 4 -43 -40 46 39 44
 -39 -42 -34 24 34 47 36 44 29 -48
 29 3 -15 -15 13 -33 0 -45 33 -41
 48 -4 -36 9 15 -7 -1 22 -14 -1
 -19 21 -35 -3 42 -29 -13 -28 -24 -4
 -14 40 -30 33 -22 -28 21 12 23 -6
 -34 -35 19 42 -40 29 17 26 -29 -14
 1 -42 -2 -14 8 -41 0 28 -28 18
 -40 -46 35 17 40 29 -30 -19 -26 -3
 -38 -47 -47 0 -19 30 -34 19 -36 3
 -10 2 -46 43 -43 47 0 31 34 -26
 -12 -31 -26 -10 14 -40 31 -49 28 12
 27 -45 -40 2 -37 15 -39 19 36 32
 -9 0 -8 -8 -37 20 -8 -33 26 -23
 0 -19 -49 -11 -27 -4 16 19 21 -16
 37 44 3 32 31 33 30 6 27 3
 40 23 -38 19 -40 11 38 2 0 18
 -8 19 -35 -44 48 -39 -15 42 29 28
 27 42 48 -48 31 -39 2 -9 -49 44
 34 10 0 19 22 -15 -44 35 35 -47
 36 -13 -47 12 35 15 -25 26 -5 26
 6 -49 -27 -35 -6 35 32 -32 -14 26
 -27 -23 -45 -32 39 -19 -27 -25 -27 17
 44 -27 -11 -36 -45 26 -37 -27 24 25
 -32 27 -44 9 -12 2 25 11 18 6
 9 18 -10 15 -29 -48 2 0 46 -34
 -5 11 14 -6 32 -12 21 -19 19 -22
 -5 -33 36 31 40 -37 -46 -45 15 -14
 -32 -43 25 -23 -48 7 -14 -49 45 34
 15 13 -33 45 36 -18 -38 22 46 40
 -8 -28 -2 25 -35 7 -18 -40 -14 -9
 -9 48 -39 5 7 9 -41 -4 25 17
 1 41 -1 -14 4 47 -36 -33 -16 2
 13 -24 3 19 42 -5 -16 34 38 43
 -48 7 -19 -22 -16 -30 31 -8 32 38
 -43 -46 38 0 -39 22 -2 9 43 16
 -17 -44 31 -34 -32 -6 -27 -7 -14 43
 -45 14 10 -46 -4 -8 -23 44 -14 -30
 -44 3 -44 -35 0 -46 -39 -16 16 42
 36 -43 -34 -10 -39 10 13 30 -18 -3
 -39 10 -33 -18 0 1 14 -49 25 -42
 36 -7 39 24 -41 -25 10 -29 -49 39
 8 -28 -28 39 44 -32 -44 37 -17 44
 25 13 44 48 -5 -23 -4 -35 -34 9
 19 -21 -9 -6 -12 -46 -8 12 14 10
 45 32 -37 46 32 5 -7 2 33 6
 -27 -16 16 -18 9 -9 28 41 -26 -9
 -13 39 19 3 7 31 -3 -38 -6 26
 -10 -8 17 -1 32 -24 -45 -38 -41 21
 -18 -13 -40 9 24 15 -40 21 3 16
 19 -19 -32 -2 -30 -6 -47 -47 34 28
 -36 -40 -41 44 41 34 11 34 35 28
 28 -6 7 36 8 10 -5 -28 20 -26
 46 39 45 -36 17 -37 -8 -40 -46 -24
 19 -26 4 14 39 -23 -31 -13 1 2
 -24 -35 -35 -21 -36 44 48 -48 9 31
 24 7 3 -26 14 42 -22 -36 -5 20
 2 0 -38 -28 18 -48 47 5 -36 26
 -4 11 17 -12 -40 -13 -30 29 47 -41
 7 -3 48 39 -3 49 19 3 -4 34
 -43 -14 39 -33 3 21 33 -48 48 28
 4 32 48 48 6 16 -42 -18 -39 -49
 -17 38 32 39 38 9 0 4 46 -47
 3 2 43 -47 20 -12 -40 39 41 -39
 10 46 -3 0 -28 23 34 -34 0 41
 40 -23 35 1 2 -15 34 21 32 36
 3 21 -42 -24 -46 10 24 32 44 -4
 -3 -2 -37 -36 -9 -24 -19 49 0 24
 25 -1 32 -3 -15 -19 16 30 -43 47
 -6 -36 49 -42 -28 49 10 37 44 -41
 -21 -28 21 -16 18 40 -38 1 44 -36
 3 14 -32 12 -30 -1 36 -24 -44 -8
 -10 16 -19 42 -20 3 21 40 41 -26
 -28 -9 32 -17 -46 -44 -19 45 30 -43
 -12 -1 29 25 -43 20 -18 -19 33 -18
 -43 36 0 35 45 -7 42 -41 -48 -10
 16 -27 49 -28 33 32 -4 -26 29 -4
 25 -41 -33 12 23 -19 -6 -20 -18 -44
 23 14 -44 -48 -48 15 45 -41 44 36
 -39 0 -32 -1 -14 2 6 -19 -26 -29
 7 -38 -4 -34 -19 -13 12 47 -28 44
 -24 -30 -28 39 -8 28 -24 17 -1 34
 -29 49 38 -37 -24 48 25 32 28 13
 15 -19 -13 25 -2 -41 21 -7 36 43
 42 15 2 48 -46 -46 14 -28 33 46
 -27 45 -10 29 -17 34 7 25 41 -32
 -32 -8 -39 23 -1 34 -4 36 12 16
 13 25 20 3 35 -9 7 -25 18 -45
 -10 -36 -3 49 -37 9 -41 -10 -45 34
 -30 0 30 -12 32 11 -40 -31 23 -21
 6 -33 -22 47 -4 -32 31 34 31 41
 -18 -45 8 17 -45 -14 -1 39 19 -12
 0 -14 -40 38 14 -7 27 25 -10 -33
 -19 -47 -41 30 -29 10 -24 10 -22 -41
 43 46 24 -8 44 -41 -23 -33 28 36
 -15 29 -46 -25 -15 -48 -11 -44 -14 -7
 -2 -21 -40 21 42 48 -19 19 28 26
 0 15 -37 15 -24 -40 25 10 -17 -11
 -15 -17 -27 -19 -30 -43 -8 8 -4 -14
 -3 -48 -39 36 11 -9 17 -48 -29 4
 -46 -2 -25 14 40 19 38 -39 -48 -26
 18 7 -3 -11 -10 17 -11 -6 -41 21
 33 44 -30 20 -44 -32 -21 40 47 -30
 -46 13 48